-5 1.1 -5.3 0 0 1
-5 1.1 -5.3 0 0 1
-5 1.1 -5.3 0 0 1
-5 1.1 -5.3 0 0 1
-5 1.1 -5.3 0 0 1
-5 1.1 -5.3 0 0 1
-5 1.1 -5.3 0 0 1
-5 1.1 -5.3 0 0 1
-5 1.1 -5.3 0 0 1
-5 1.1 -5.3 0 0 1
-5 1.1 -5.3 0 0 1
-5 1.1 -5.3 0 0 1
-5 1.1 -5.3 0 0 1
-5 1.1 -5.3 0 0 1
-5 1.1 -5.3 0 0 1
-5 1.1 -5.3 0 0 1
-5 1.1 -5.3 0 0 1
-5 1.1 -5.3 0 0 1
-5 1.1 -5.3 0 0 1
-5 1.1 -5.3 0 0 1
-5 1.1 -5.3 0 0 1
-5 1.1 -5.3 0 0 1
-5 1.1 -5.3 0 0 1
-5 1.1 -5.3 0 0 1
-5 1.1 -5.3 0 0 1
-5 1.1 -5.3 0 0 1
-5 1.1 -5.3 0 0 1
-5 1.1 -5.3 0 0 1
-5 1.1 -5.3 0 0 1
-5 1.1 -5.3 0 0 1
-5 1.1 -5.3 0 0 1
-5 1.1 -5.3 0 0 1
-5 1.1 -5.3 0 0 1
-5 1.1 -5.3 0 0 1
-5 1.1 -5.3 0 0 1
-5 1.1 -5.3 0.946172 0.239645 -0.217551
-5 1.1 -5.3 0.946172 0.239645 -0.217551
-5 1.1 -5.3 0.935993 0.350402 0.0337103
-5 1.1 -5.3 0.850545 0.447529 0.276209
-5 1.1 -5.3 0.850402 0.420503 0.316216
-5 1.1 -5.3 0.843988 0.389418 0.368832
-5 1.1 -5.3 0.815294 0.324043 0.479887
-5 1.1 -5.3 0.747535 0.239645 0.619485
-5 1.1 -5.3 0.736774 0.229924 0.635845
-5 1.1 -5.3 0.727523 0.224081 0.648458
-5 1.1 -5.3 0.706211 0.20846 0.676617
-5 1.1 -5.3 0.689815 0.198669 0.696194
-5 1.1 -5.3 0.642359 0.175093 0.746135
-5 1.1 -5.3 0.538644 0.135581 0.831553
-5 1.1 -5.3 0.473184 0.119712 0.872792
-5 1.1 -5.3 0.406019 0.109778 0.907247
-5 1.1 -5.3 0.369652 0.103813 0.923353
-5 1.1 -5.3 0.304524 0.0918703 0.948064
-5 1.1 -5.3 0.298884 0.0898786 0.950047
-5 1.1 -5.3 0.287613 0.0839013 0.954065
-5 1.1 -5.3 0.287613 0.0839013 0.954065
-5 1.1 -5.3 0.283977 0.0759269 0.95582
-5 1.1 -5.3 0.270895 0.0579675 0.960862
-5 1.1 -5.3 0.23254 0.0299955 0.972124
-5 1.1 -5.3 0.177844 -0.00399998 0.984051
-5 1.1 -5.3 0.177844 -0.00399998 0.984051
-5 1.1 -5.3 0.177844 -0.00399998 0.984051
-5 1.1 -5.3 0.177844 -0.00399998 0.984051
-5 1.1 -5.3 0.177844 -0.00399998 0.984051
-5 1.1 -5.3 0.177844 -0.00399998 0.984051
-5 1.1 -5.3 0.177844 -0.00399998 0.984051
-5 1.1 -5.3 0.177844 -0.00399998 0.984051
-5 1.1 -5.3 0.177844 -0.00399998 0.984051
-5 1.1 -5.3 0.177844 -0.00399998 0.984051
-5 1.1 -5.3 0.154179 -0.00199999 0.988041
-5 1.1 -5.3 0.0846947 1.25729e-08 0.996407
-5 1.1 -5.3 0.000796274 1.25729e-08 1
-5 1.1 -5.3 0.000796268 -0.00399998 0.999992
-5 1.1 -5.3 0.0127938 -0.017999 0.999756
-5 1.1 -5.3 0.0826142 -0.0459838 0.99552
-5 1.1 -5.3 0.122347 -0.0479816 0.991327
-5 1.1 -5.3 0.179588 -0.0499792 0.982471
-5 1.1 -5.3 0.354373 -0.0539737 0.933545
-5 1.1 -5.3 0.411489 -0.0559707 0.909694
-5 1.1 -5.3 0.458163 -0.0579675 0.886976
-5 1.1 -5.3 0.4827 -0.0619603 0.873591
-5 1.1 -5.3 0.4827 -0.0619603 0.873591
-5 1.1 -5.3 0.486129 -0.0639563 0.871544
-5 1.1 -5.3 0.491286 -0.0659521 0.868498
-5 1.1 -5.3 0.49981 -0.0699428 0.863307
-5 1.1 -5.3 0.501535 -0.0699428 0.862305
-5 1.1 -5.3 0.506628 -0.0719378 0.859158
-5 1.1 -5.3 0.513333 -0.0759268 0.854824
-5 1.15 -5.3 0.513333 -0.0759268 0.854824
-5 1.2 -5.3 0.51488 -0.0799147 0.853529
-5 1.25 -5.3 0.516146 -0.0898785 0.851772
-5 1.3 -5.3 0.516146 -0.0898785 0.851772
-5 1.35 -5.3 0.516052 -0.0918702 0.851616
-5 1.35 -5.3 0.515655 -0.0998334 0.85096
-5 1.35 -5.3 0.51555 -0.101823 0.850788
-5 1.35 -5.3 0.515335 -0.105802 0.850433
-5 1.35 -5.3 0.515335 -0.105802 0.850433
-5 1.35 -5.3 0.515224 -0.10779 0.85025
-5 1.35 -5.3 0.521661 -0.113753 0.845535
-5 1.35 -5.3 0.534348 -0.125667 0.835871
-5 1.35 -5.3 0.557975 -0.141523 0.817701
-5 1.35 -5.3 0.570656 -0.145482 0.8082
-5 1.35 -5.3 0.588122 -0.14746 0.795215
-5 1.35 -5.3 0.626753 -0.151415 0.764366
-5 1.35 -5.3 0.68212 -0.159318 0.713673
-5 1.35 -5.3 0.706188 -0.169182 0.687514
-5 1.35 -5.3 0.725209 -0.17903 0.664846
-5 1.35 -5.3 0.76145 -0.194747 0.618278
-5 1.35 -5.3 0.808357 -0.214324 0.548293
-5 1.35 -5.3 0.814518 -0.216277 0.538316
-5 1.35 -5.3 0.818799 -0.216277 0.531782
-5 1.35 -5.3 0.818799 -0.216277 0.531782
-5 1.35 -5.3 0.831862 -0.224081 0.507733
-5 1.4 -5.3 0.841565 -0.239645 0.484085
-5 1.45 -5.3 0.850367 -0.266731 0.453576
-5 1.5 -5.3 0.850367 -0.266731 0.453576
-5 1.55 -5.3 0.850367 -0.266731 0.453576
-5 1.6 -5.3 0.850367 -0.266731 0.453576
-5 1.65 -5.3 0.850367 -0.266731 0.453576
-5 1.65 -5.3 0.850367 -0.266731 0.453576
-5 1.65 -5.3 0.850367 -0.266731 0.453576
-5 1.65 -5.3 0.850367 -0.266731 0.453576
-5 1.65 -5.3 0.850367 -0.266731 0.453576
-5 1.65 -5.3 0.850367 -0.266731 0.453576
-5 1.65 -5.3 0.835665 -0.253213 0.487388
-5 1.65 -5.3 0.801032 -0.224081 0.5551
-5 1.65 -5.3 0.742148 -0.188859 0.643077
-5 1.65 -5.3 0.637586 -0.149438 0.755746
-5 1.65 -5.3 0.587946 -0.149438 0.794977
-5 1.65 -5.3 0.476467 -0.149438 0.866399
-5 1.65 -5.3 0.476467 -0.149438 0.866399
-5 1.65 -5.3 -0.242006 -0.192785 0.95093
-5.04846 1.65 -5.31233 -0.637297 -0.216277 0.739646
-5.08633 1.65 -5.34497 -0.668916 -0.21823 0.710582
-5.12274 1.65 -5.37924 -0.690998 -0.220181 0.688507
-5.15803 1.65 -5.41466 -0.735849 -0.222131 0.639674
-5.19084 1.65 -5.45239 -0.78886 -0.224081 0.572266
-5.2202 1.65 -5.49287 -0.791142 -0.224081 0.569106
-5.24939 1.65 -5.53346 -0.791142 -0.224081 0.569106
-5.27859 1.65 -5.57405 -0.791142 -0.224081 0.569106
-5.30779 1.65 -5.61463 -0.791142 -0.224081 0.569106
-5.33699 1.65 -5.65522 -0.791142 -0.224081 0.569106
-5.36618 1.65 -5.69581 -0.791142 -0.224081 0.569106
-5.39538 1.65 -5.7364 -0.791142 -0.224081 0.569106
-5.42458 1.65 -5.77699 -0.791142 -0.224081 0.569106
-5.45378 1.65 -5.81758 -0.791142 -0.224081 0.569106
-5.48297 1.65 -5.85817 -0.791142 -0.224081 0.569106
-5.48297 1.65 -5.85817 -0.791142 -0.224081 0.569106
-5.48297 1.65 -5.85817 -0.791142 -0.224081 0.569106
-5.48297 1.65 -5.85817 -0.78886 -0.224081 0.572266
-5.48297 1.65 -5.85817 -0.775254 -0.222131 0.591302
-5.48297 1.65 -5.85817 -0.760841 -0.222131 0.609736
-5.52102 1.65 -5.82768 -0.709298 -0.216277 0.670911
-5.55648 1.65 -5.79414 -0.66523 -0.214324 0.715216
-5.58974 1.65 -5.75838 -0.642006 -0.214324 0.736134
-5.62184 1.65 -5.72157 -0.574826 -0.214324 0.789709
-5.65058 1.65 -5.68209 -0.563714 -0.214324 0.797679
-5.67877 1.65 -5.6422 -0.536272 -0.214324 0.816381
-5.70558 1.65 -5.60138 -0.529724 -0.214324 0.820644
-5.73207 1.65 -5.56035 -0.528082 -0.214324 0.821702
-5.75847 1.65 -5.51926 -0.528082 -0.214324 0.821702
-5.78488 1.65 -5.47818 -0.528082 -0.214324 0.821702
-5.81128 1.65 -5.43709 -0.528082 -0.214324 0.821702
-5.83769 1.65 -5.39601 -0.528082 -0.214324 0.821702
-5.86409 1.65 -5.35492 -0.528082 -0.214324 0.821702
-5.89049 1.65 -5.31384 -0.528082 -0.214324 0.821702
-5.9169 1.65 -5.27275 -0.528082 -0.214324 0.821702
-5.9433 1.65 -5.23167 -0.528082 -0.214324 0.821702
-5.96971 1.65 -5.19058 -0.528082 -0.214324 0.821702
-5.99611 1.65 -5.1495 -0.528082 -0.214324 0.821702
-6.02251 1.65 -5.10841 -0.528082 -0.214324 0.821702
-6.04892 1.65 -5.06733 -0.528082 -0.214324 0.821702
-6.07532 1.65 -5.02624 -0.528082 -0.214324 0.821702
-6.10172 1.65 -4.98516 -0.528082 -0.214324 0.821702
-6.12813 1.65 -4.94407 -0.528082 -0.214324 0.821702
-6.15453 1.65 -4.90299 -0.528082 -0.214324 0.821702
-6.223 1.65 -4.88893 -0.528082 -0.214324 0.821702
-6.29147 1.65 -4.87488 -0.521491 -0.214324 0.825901
-6.35982 1.65 -4.86028 -0.501522 -0.214324 0.838177
-6.4278 1.65 -4.84404 -0.467602 -0.214324 0.857562
-6.49508 1.65 -4.8251 -0.462449 -0.214324 0.860353
-6.56224 1.65 -4.80576 -0.44515 -0.214324 0.869429
-6.629 1.65 -4.78507 -0.431183 -0.214324 0.87644
-6.69543 1.65 -4.76332 -0.420635 -0.214324 0.881551
-6.76159 1.65 -4.74078 -0.372441 -0.214324 0.902969
-6.82643 1.65 -4.71469 -0.250021 -0.220181 0.942873
-6.88726 1.65 -4.68037 -0.154212 -0.23187 0.960445
-6.93663 1.65 -4.68829 0.0471123 -0.259013 0.964724
-6.98657 1.65 -4.68585 0.0951666 -0.262874 0.960125
-7.03633 1.65 -4.68092 0.216224 -0.274433 0.936981
-7.08505 1.65 -4.66968 0.39096 -0.289783 0.873599
-7.13068 1.65 -4.64925 0.39096 -0.289783 0.873599
-7.17632 1.65 -4.62883 0.456161 -0.289783 0.841393
-7.22028 1.65 -4.605 0.515507 -0.289783 0.806398
-7.2624 1.65 -4.57807 0.622991 -0.289783 0.726573
-7.30036 1.65 -4.54552 0.79422 -0.289783 0.534079
-7.32826 1.65 -4.50403 0.931889 -0.289783 0.218196
-7.33966 1.65 -4.45535 0.938014 -0.289783 0.190145
-7.3965 1.65 -4.41585 0.941398 -0.291696 0.169361
-7.45242 1.65 -4.37511 0.948194 -0.301247 0.100887
-7.50512 1.65 -4.33043 0.944193 -0.327825 -0.0321148
-7.55063 1.65 -4.27886 0.931143 -0.350402 -0.100956
-7.5918 1.65 -4.2241 0.89915 -0.385731 -0.20674
-7.63675 1.65 -4.21376 0.89915 -0.385731 -0.20674
-7.68171 1.65 -4.20343 0.89915 -0.385731 -0.20674
-7.72667 1.65 -4.19309 0.89915 -0.385731 -0.20674
-7.77163 1.65 -4.18275 0.89915 -0.385731 -0.20674
-7.81658 1.65 -4.17242 0.89915 -0.385731 -0.20674
-7.86154 1.65 -4.16208 0.89915 -0.385731 -0.20674
-7.9065 1.65 -4.15174 0.89915 -0.385731 -0.20674
-7.95146 1.65 -4.14141 0.89915 -0.385731 -0.20674
-7.99641 1.65 -4.13107 0.89915 -0.385731 -0.20674
-8.04137 1.65 -4.12073 0.921858 -0.361615 -0.139325
-8.08747 1.65 -4.11377 0.921858 -0.361615 -0.139325
-8.08747 1.65 -4.11377 0.937079 -0.337255 -0.0902368
-8.08267 1.65 -4.064 0.917497 -0.333487 -0.216762
-8.07118 1.65 -4.01534 0.847121 -0.325934 -0.419705
-8.04898 1.65 -3.97053 0.689729 -0.318361 -0.650323
-8.01468 1.65 -3.93415 0.684505 -0.318361 -0.65582
-7.98009 1.65 -3.89805 0.684505 -0.318361 -0.65582
-7.9455 1.65 -3.86195 0.684963 -0.316464 -0.656259
-7.91091 1.65 -3.82584 0.692011 -0.308865 -0.652474
-7.87661 1.65 -3.78946 0.708928 -0.291696 -0.642133
-7.84304 1.65 -3.75241 0.71788 -0.285952 -0.634728
-7.80992 1.65 -3.71495 0.726731 -0.280198 -0.627177
-7.77725 1.65 -3.67709 0.738369 -0.272509 -0.616887
-7.77725 1.65 -3.67709 0.738786 -0.270584 -0.617236
-7.77725 1.65 -3.67709 0.738786 -0.270584 -0.617236
-7.77725 1.65 -3.67709 0.738786 -0.270584 -0.617236
-7.77725 1.65 -3.67709 0.738786 -0.270584 -0.617236
-7.77725 1.65 -3.67709 0.738786 -0.270584 -0.617236
-7.77725 1.65 -3.67709 0.738786 -0.270584 -0.617236
-7.77725 1.65 -3.67709 0.736723 -0.268658 -0.620533
-7.81409 1.65 -3.64607 0.736723 -0.268658 -0.620533
-7.85092 1.65 -3.61504 0.736723 -0.268658 -0.620533
-7.88776 1.65 -3.58401 0.736723 -0.268658 -0.620533
-7.9246 1.65 -3.55299 0.736723 -0.268658 -0.620533
-7.96143 1.65 -3.52196 0.736723 -0.268658 -0.620533
-7.99827 1.65 -3.49094 0.736723 -0.268658 -0.620533
-8.0351 1.65 -3.45991 0.744078 -0.274433 -0.609127
-8.07231 1.65 -3.42945 0.754649 -0.285952 -0.590539
-8.11004 1.65 -3.39993 0.756096 -0.289783 -0.586809
-8.11004 1.65 -3.39993 0.756576 -0.29743 -0.582348
-8.11004 1.65 -3.39993 0.751423 -0.299339 -0.588014
-8.11004 1.65 -3.39993 0.740717 -0.299339 -0.601443
-8.11004 1.65 -3.39993 0.698139 -0.299339 -0.650383
-8.11004 1.65 -3.39993 0.698139 -0.299339 -0.650383
-8.11004 1.65 -3.39993 0.682757 -0.29743 -0.667367
-8.11004 1.65 -3.39993 0.682757 -0.29743 -0.667367
-8.11004 1.65 -3.39993 0.684021 -0.291696 -0.668602
-8.11004 1.65 -3.39993 0.688343 -0.284035 -0.667464
-8.11004 1.65 -3.39993 0.698728 -0.272509 -0.661452
-8.11004 1.65 -3.39993 0.698728 -0.272509 -0.661452
-8.11004 1.65 -3.39993 0.707803 -0.266731 -0.654118
-8.11004 1.65 -3.39993 0.721927 -0.260944 -0.640883
-8.11004 1.65 -3.39993 0.724874 -0.259013 -0.638333
-8.11004 1.65 -3.39993 0.72615 -0.259013 -0.636882
-8.11004 1.65 -3.39993 0.72615 -0.259013 -0.636882
-8.11004 1.65 -3.39993 0.72615 -0.259013 -0.636882
-8.11004 1.65 -3.39993 0.72615 -0.259013 -0.636882
-8.11004 1.65 -3.39993 0.72615 -0.259013 -0.636882
-8.14635 1.65 -3.36808 0.72615 -0.259013 -0.636882
-8.18266 1.65 -3.33624 0.72615 -0.259013 -0.636882
-8.21896 1.65 -3.30439 0.727422 -0.259013 -0.635429
-8.25533 1.65 -3.27262 0.730348 -0.25708 -0.632852
-8.29185 1.65 -3.24098 0.73703 -0.255147 -0.625849
-8.3287 1.65 -3.20969 0.746501 -0.251278 -0.616114
-8.36603 1.65 -3.17888 0.748118 -0.249341 -0.614937
-8.40343 1.65 -3.14813 0.748118 -0.249341 -0.614937
-8.44084 1.65 -3.11739 0.748118 -0.249341 -0.614937
-8.47825 1.65 -3.08664 0.748118 -0.249341 -0.614937
-8.51565 1.65 -3.05589 0.748118 -0.249341 -0.614937
-8.51565 1.65 -3.05589 0.748118 -0.249341 -0.614937
-8.51565 1.65 -3.05589 0.748118 -0.249341 -0.614937
-8.51565 1.65 -3.05589 0.748118 -0.249341 -0.614937
-8.51565 1.65 -3.05589 0.748118 -0.249341 -0.614937
-8.51565 1.65 -3.05589 0.748118 -0.249341 -0.614937
-8.51565 1.65 -3.05589 0.748118 -0.249341 -0.614937
-8.51565 1.65 -3.05589 0.748118 -0.249341 -0.614937
-8.51565 1.65 -3.05589 0.748118 -0.249341 -0.614937
-8.51565 1.65 -3.05589 0.748118 -0.249341 -0.614937
-8.51565 1.65 -3.05589 0.748118 -0.249341 -0.614937
-8.51565 1.65 -3.05589 0.748118 -0.249341 -0.614937
-8.51565 1.65 -3.05589 0.748118 -0.249341 -0.614937
-8.51565 1.65 -3.05589 0.748118 -0.249341 -0.614937
-8.51565 1.65 -3.05589 0.748118 -0.249341 -0.614937
-8.51565 1.65 -3.05589 0.748118 -0.249341 -0.614937
-8.51565 1.65 -3.05589 0.748118 -0.249341 -0.614937
-8.51565 1.65 -3.05589 0.748118 -0.249341 -0.614937
-8.51565 1.65 -3.05589 0.753783 -0.245466 -0.609555
-8.51565 1.65 -3.05589 0.773266 -0.237703 -0.58784
-8.51565 1.65 -3.05589 0.773266 -0.237703 -0.58784
-8.51565 1.65 -3.05589 0.805349 -0.235759 -0.543904
-8.51565 1.65 -3.05589 0.82026 -0.235759 -0.521144
-8.51565 1.65 -3.05589 0.834932 -0.233815 -0.498216
-8.51565 1.65 -3.05589 0.861018 -0.23187 -0.452642
-8.51565 1.65 -3.05589 0.874623 -0.229924 -0.426814
-8.51565 1.65 -3.05589 0.891826 -0.22603 -0.391864
-8.51565 1.65 -3.05589 0.926519 -0.20846 -0.313221
-8.51565 1.65 -3.05589 0.963487 -0.180997 -0.197315
-8.51565 1.65 -3.05589 0.968645 -0.179029 -0.172264
-8.51565 1.65 -3.05589 0.972288 -0.175093 -0.154913
-8.51565 1.65 -3.05589 0.978961 -0.169182 -0.114072
-8.51565 1.65 -3.05589 0.980177 -0.167211 -0.106273
-8.51565 1.65 -3.05589 0.980925 -0.165239 -0.102386
-8.51565 1.65 -3.05589 0.98255 -0.161292 -0.0926326
-8.51565 1.65 -3.05589 0.98255 -0.161292 -0.0926326
-8.51565 1.65 -3.05589 0.982733 -0.161292 -0.0906673
-8.51565 1.65 -3.05589 0.983894 -0.157343 -0.0848241
-8.51565 1.65 -3.05589 0.983894 -0.157343 -0.0848241
-8.51565 1.65 -3.05589 0.983894 -0.157343 -0.0848241
-8.51565 1.65 -3.05589 0.986504 -0.153392 -0.0572814
-8.51565 1.65 -3.05589 0.989329 -0.145482 -0.00791475
-8.51565 1.65 -3.05589 0.990089 -0.139543 0.0158428
-8.51565 1.65 -3.05589 0.990089 -0.139543 0.0158428
-8.51565 1.65 -3.05589 0.990018 -0.139543 0.0198031
-8.51565 1.65 -3.05589 0.989501 -0.139543 0.0376192
-8.51565 1.65 -3.05589 0.989169 -0.139543 0.0455339
-8.51565 1.65 -3.05589 0.988597 -0.141523 0.0514535
-8.51565 1.65 -3.05589 0.986915 -0.14746 0.0652312
-8.51565 1.65 -3.05589 0.984374 -0.155368 0.0828825
-8.51565 1.65 -3.05589 0.984374 -0.155368 0.0828825
-8.51565 1.65 -3.05589 0.984841 -0.157343 0.0730116
-8.51565 1.65 -3.05589 0.98577 -0.161292 0.0473534
-8.51565 1.65 -3.05589 0.980914 -0.173123 -0.0885213
-8.51565 1.65 -3.05589 0.929725 -0.184929 -0.318454
-8.51565 1.65 -3.05589 0.905938 -0.184929 -0.38089
-8.51565 1.65 -3.05589 0.905938 -0.184929 -0.38089
-8.51565 1.65 -3.05589 0.901188 -0.180997 -0.393829
-8.51565 1.65 -3.05589 0.893275 -0.175093 -0.414007
-8.51565 1.65 -3.05589 0.88256 -0.167211 -0.439464
-8.51565 1.65 -3.05589 0.867318 -0.159318 -0.471568
-8.51565 1.65 -3.05589 0.864473 -0.159318 -0.476764
-8.51565 1.65 -3.05589 0.863518 -0.159318 -0.478492
-8.51565 1.65 -3.05589 0.863518 -0.159318 -0.478492
-8.51565 1.65 -3.05589 0.863518 -0.159318 -0.478492
-8.51565 1.65 -3.05589 0.863518 -0.159318 -0.478492
-8.51565 1.65 -3.05589 0.863518 -0.159318 -0.478492
-8.51565 1.65 -3.05589 0.863518 -0.159318 -0.478492
-8.51565 1.65 -3.05589 0.863518 -0.159318 -0.478492
-8.51565 1.65 -3.05589 0.863518 -0.159318 -0.478492
-8.51565 1.65 -3.05589 0.863518 -0.159318 -0.478492
-8.51565 1.65 -3.05589 0.863518 -0.159318 -0.478492
-8.51565 1.65 -3.05589 0.863518 -0.159318 -0.478492
-8.51565 1.65 -3.05589 0.863518 -0.159318 -0.478492
-8.51565 1.65 -3.05589 0.863518 -0.159318 -0.478492
-8.51565 1.65 -3.05589 0.863518 -0.159318 -0.478492
-8.51565 1.65 -3.05589 0.863518 -0.159318 -0.478492
-8.51565 1.65 -3.05589 0.863518 -0.159318 -0.478492
-8.51565 1.65 -3.05589 0.863518 -0.159318 -0.478492
-8.51565 1.65 -3.05589 0.863518 -0.159318 -0.478492
-8.53989 1.65 -3.09963 0.863518 -0.159318 -0.478492
-8.56412 1.65 -3.14336 0.863518 -0.159318 -0.478492
-8.58835 1.65 -3.1871 0.863518 -0.159318 -0.478492
-8.61259 1.65 -3.23083 0.863518 -0.159318 -0.478492
-8.63682 1.65 -3.27457 0.863518 -0.159318 -0.478492
-8.66105 1.65 -3.3183 0.86826 -0.159318 -0.469833
-8.68485 1.65 -3.36227 0.880787 -0.161292 -0.445196
-8.70741 1.65 -3.4069 0.880787 -0.161292 -0.445196
-8.72996 1.65 -3.45152 0.886933 -0.161292 -0.432822
-8.75189 1.65 -3.49646 0.898703 -0.161292 -0.407821
-8.77255 1.65 -3.54199 0.901134 -0.161292 -0.402421
-8.79294 1.65 -3.58764 0.904324 -0.161292 -0.3952
-8.81296 1.65 -3.63346 0.905898 -0.161292 -0.391579
-8.8328 1.65 -3.67935 0.911291 -0.161292 -0.378859
-8.85199 1.65 -3.72552 0.912799 -0.161292 -0.37521
-8.871 1.65 -3.77177 0.916204 -0.163266 -0.365943
-8.88955 1.65 -3.8182 0.920529 -0.163266 -0.354923
-8.90754 1.65 -3.86485 0.927134 -0.165239 -0.336331
-8.92459 1.65 -3.91186 0.927134 -0.165239 -0.336331
-8.94164 1.65 -3.95886 0.940438 -0.165239 -0.297106
-8.9567 1.65 -4.00654 0.940438 -0.165239 -0.297106
-8.97176 1.65 -4.05422 0.940438 -0.165239 -0.297106
-8.98682 1.65 -4.10189 0.955103 -0.165239 -0.245914
-8.99929 1.65 -4.15031 0.974582 -0.165239 -0.151283
-9.00696 1.65 -4.19972 0.975179 -0.165239 -0.147384
-9.01443 1.65 -4.24916 0.974221 -0.169182 -0.149233
-9.02201 1.65 -4.29858 0.969243 -0.184929 -0.162389
-9.03027 1.65 -4.3479 0.969243 -0.184929 -0.162389
-9.03853 1.65 -4.39721 0.969243 -0.184929 -0.162389
-9.04679 1.65 -4.44652 0.969243 -0.184929 -0.162389
-9.05505 1.65 -4.49583 0.969243 -0.184929 -0.162389
-9.06331 1.65 -4.54515 0.969243 -0.184929 -0.162389
-9.07158 1.65 -4.59446 0.969243 -0.184929 -0.162389
-9.07984 1.65 -4.64377 0.969243 -0.184929 -0.162389
-9.0881 1.65 -4.69309 0.969243 -0.184929 -0.162389
-9.09636 1.65 -4.7424 0.969243 -0.184929 -0.162389
-9.10462 1.65 -4.79171 0.969243 -0.184929 -0.162389
-9.11288 1.65 -4.84102 0.969243 -0.184929 -0.162389
-9.12115 1.65 -4.89034 0.969243 -0.184929 -0.162389
-9.12941 1.65 -4.93965 0.969243 -0.184929 -0.162389
-9.13767 1.65 -4.98896 0.979503 -0.180997 -0.0883941
-9.14216 1.65 -5.03876 0.984534 -0.175093 -0.00590724
-9.14246 1.65 -5.08876 0.984534 -0.175093 -0.00590724
-9.14276 1.65 -5.13876 0.985227 -0.171153 0.00591147
-9.14246 1.65 -5.18876 0.985724 -0.167211 0.0197171
-9.14146 1.65 -5.23875 0.985573 -0.161292 0.0512961
-9.13886 1.65 -5.28868 0.971181 -0.145482 0.188792
-9.12932 1.65 -5.33776 0.964484 -0.143503 0.221762
-9.11812 1.65 -5.38649 0.948868 -0.139543 0.283155
-9.10382 1.65 -5.4344 0.946573 -0.139543 0.290736
-9.08914 1.65 -5.4822 0.9418 -0.139543 0.305844
-9.0737 1.65 -5.52975 0.939323 -0.139543 0.313368
-9.05787 1.65 -5.57718 0.935495 -0.139543 0.324617
-9.04148 1.65 -5.62442 0.934844 -0.139543 0.326488
-9.025 1.65 -5.67162 0.930859 -0.139543 0.337682
-9.00795 1.65 -5.71863 0.92463 -0.139543 0.354382
-8.99005 1.65 -5.76531 0.914347 -0.139543 0.380129
-8.97086 1.65 -5.81148 0.911276 -0.139543 0.387432
-8.9513 1.65 -5.8575 0.894205 -0.139543 0.425352
-8.92982 1.65 -5.90265 0.875802 -0.137562 0.462652
-8.90646 1.65 -5.94686 0.85182 -0.135581 0.505985
-8.88093 1.65 -5.98985 0.849789 -0.135581 0.509389
-8.85522 1.65 -6.03273 0.844652 -0.135581 0.517861
-8.82909 1.65 -6.07536 0.838378 -0.135581 0.527959
-8.80245 1.65 -6.11767 0.823268 -0.135581 0.551224
-8.77463 1.65 -6.15922 0.823268 -0.135581 0.551224
-8.74681 1.65 -6.20076 0.752649 -0.135581 0.644311
-8.74681 1.65 -6.20076 0.743758 -0.133599 0.654962
-8.74681 1.65 -6.20076 0.735845 -0.133599 0.66384
-8.74681 1.65 -6.20076 0.716971 -0.133599 0.684181
-8.74681 1.65 -6.20076 0.684752 -0.133599 0.716426
-8.74681 1.65 -6.20076 0.67918 -0.131617 0.722075
-8.74681 1.65 -6.20076 0.673559 -0.129634 0.727677
-8.74681 1.65 -6.20076 0.672102 -0.129634 0.729022
-8.74681 1.65 -6.20076 0.672102 -0.129634 0.729022
-8.74681 1.65 -6.20076 0.672102 -0.129634 0.729022
-8.74681 1.65 -6.20076 0.672102 -0.129634 0.729022
-8.74681 1.65 -6.20076 0.672102 -0.129634 0.729022
-8.74681 1.65 -6.20076 0.672102 -0.129634 0.729022
-8.74681 1.65 -6.20076 0.672102 -0.129634 0.729022
-8.74681 1.65 -6.20076 0.672102 -0.129634 0.729022
-8.74681 1.65 -6.20076 0.672102 -0.129634 0.729022
-8.74681 1.65 -6.20076 0.672102 -0.129634 0.729022
-8.74681 1.65 -6.20076 0.672102 -0.129634 0.729022
-8.74681 1.65 -6.20076 0.672102 -0.129634 0.729022
-8.74681 1.65 -6.20076 0.672102 -0.129634 0.729022
-8.74681 1.65 -6.20076 0.672102 -0.129634 0.729022
-8.71005 1.65 -6.23466 0.672102 -0.129634 0.729022
-8.67329 1.65 -6.26855 0.672102 -0.129634 0.729022
-8.63653 1.65 -6.30244 0.672102 -0.129634 0.729022
-8.59976 1.65 -6.33633 0.672102 -0.129634 0.729022
-8.563 1.65 -6.37022 0.672102 -0.129634 0.729022
-8.52624 1.65 -6.40411 0.672102 -0.129634 0.729022
-8.48948 1.65 -6.438 0.672102 -0.129634 0.729022
-8.45272 1.65 -6.47189 0.675013 -0.129634 0.726328
-8.41609 1.65 -6.50593 0.68368 -0.129634 0.718176
-8.37988 1.65 -6.54041 0.68368 -0.129634 0.718176
-8.34367 1.65 -6.57488 0.68368 -0.129634 0.718176
-8.30745 1.65 -6.60936 0.68368 -0.129634 0.718176
-8.27124 1.65 -6.64383 0.68368 -0.129634 0.718176
-8.23502 1.65 -6.67831 0.68368 -0.129634 0.718176
-8.19881 1.65 -6.71278 0.68368 -0.129634 0.718176
-8.1626 1.65 -6.74726 0.68368 -0.129634 0.718176
-8.12638 1.65 -6.78173 0.68368 -0.129634 0.718176
-8.09017 1.65 -6.81621 0.68368 -0.129634 0.718176
-8.05396 1.65 -6.85068 0.68368 -0.129634 0.718176
-8.01774 1.65 -6.88516 0.679359 -0.129634 0.722265
-7.98132 1.65 -6.91941 0.664426 -0.133599 0.735316
-7.94422 1.65 -6.95293 0.661479 -0.133599 0.737968
-7.90699 1.65 -6.98631 0.661479 -0.133599 0.737968
-7.86976 1.65 -7.01968 0.660002 -0.133599 0.739289
-7.83246 1.65 -7.05298 0.660002 -0.133599 0.739289
-7.79516 1.65 -7.08628 0.660002 -0.133599 0.739289
-7.75786 1.65 -7.11958 0.660002 -0.133599 0.739289
-7.72056 1.65 -7.15287 0.660002 -0.133599 0.739289
-7.68327 1.65 -7.18617 0.660002 -0.133599 0.739289
-7.64597 1.65 -7.21947 0.660002 -0.133599 0.739289
-7.60867 1.65 -7.25277 0.660002 -0.133599 0.739289
-7.57137 1.65 -7.28607 0.646413 -0.135581 0.750845
-7.53348 1.65 -7.31869 0.624792 -0.139543 0.768221
-7.49469 1.65 -7.35024 0.560582 -0.149438 0.814504
-7.4535 1.65 -7.37859 0.560582 -0.149438 0.814504
-7.41231 1.65 -7.40693 0.547312 -0.151415 0.823118
-7.37068 1.65 -7.43462 0.525566 -0.153392 0.83681
-7.32833 1.65 -7.46121 0.523728 -0.155368 0.837598
-7.28594 1.65 -7.48772 0.523728 -0.155368 0.837598
-7.24354 1.65 -7.51423 0.518693 -0.155368 0.840725
-7.20099 1.65 -7.54048 0.518693 -0.155368 0.840725
-7.15844 1.65 -7.56674 0.517011 -0.155368 0.841761
-7.11583 1.65 -7.5929 0.517011 -0.155368 0.841761
-7.07323 1.65 -7.61907 0.517011 -0.155368 0.841761
-7.03062 1.65 -7.64524 0.517011 -0.155368 0.841761
-6.98802 1.65 -7.67141 0.517011 -0.155368 0.841761
-6.94541 1.65 -7.69758 0.511951 -0.155368 0.844848
-6.90265 1.65 -7.72349 0.500073 -0.155368 0.851932
-6.85953 1.65 -7.7488 0.482935 -0.155368 0.861762
-6.81591 1.65 -7.77324 0.476026 -0.155368 0.865598
-6.7721 1.65 -7.79734 0.470824 -0.155368 0.868439
-6.72814 1.65 -7.82117 0.45862 -0.155368 0.874945
-6.68386 1.65 -7.84438 0.45862 -0.155368 0.874945
-6.63957 1.65 -7.86759 0.456869 -0.155368 0.87586
-6.59524 1.65 -7.89072 0.456869 -0.155368 0.87586
-6.59524 1.65 -7.89072 0.438549 -0.165239 0.883386
-6.59524 1.65 -7.89072 0.420069 -0.175093 0.890441
-6.59524 1.65 -7.89072 0.407268 -0.179029 0.89559
-6.59524 1.65 -7.89072 0.403535 -0.180997 0.896883
-6.59524 1.65 -7.89072 0.403535 -0.180997 0.896883
-6.59524 1.65 -7.89072 0.403535 -0.180997 0.896883
-6.59524 1.65 -7.89072 0.403535 -0.180997 0.896883
-6.59524 1.65 -7.89072 0.403535 -0.180997 0.896883
-6.59524 1.65 -7.89072 0.403535 -0.180997 0.896883
-6.59524 1.65 -7.89072 0.403535 -0.180997 0.896883
-6.59524 1.65 -7.89072 0.403535 -0.180997 0.896883
-6.59524 1.65 -7.89072 0.403535 -0.180997 0.896883
-6.59524 1.65 -7.89072 0.403535 -0.180997 0.896883
-6.59524 1.65 -7.89072 0.403535 -0.180997 0.896883
-6.59524 1.65 -7.89072 0.403535 -0.180997 0.896883
-6.59524 1.65 -7.89072 0.403535 -0.180997 0.896883
-6.59524 1.65 -7.89072 0.403535 -0.180997 0.896883
-6.59524 1.65 -7.89072 0.405328 -0.180997 0.896074
-6.59524 1.65 -7.89072 0.412784 -0.177061 0.893453
-6.59524 1.65 -7.89072 0.41457 -0.177061 0.892626
-6.59524 1.65 -7.89072 0.414718 -0.175093 0.892945
-6.59524 1.65 -7.89072 0.414718 -0.175093 0.892945
-6.59524 1.65 -7.89072 0.414718 -0.175093 0.892945
-6.59524 1.65 -7.89072 0.413078 -0.173123 0.894089
-6.59524 1.65 -7.89072 0.406054 -0.171153 0.897679
-6.59524 1.65 -7.89072 0.386342 -0.169182 0.906707
-6.59524 1.65 -7.89072 0.380894 -0.169182 0.909009
-6.54913 1.65 -7.91004 0.37361 -0.169182 0.912027
-6.50286 1.65 -7.929 0.362639 -0.169182 0.916444
-6.45637 1.65 -7.94739 0.358971 -0.169182 0.917888
-6.4098 1.65 -7.9656 0.357134 -0.169182 0.918604
-6.3632 1.65 -7.98372 0.353457 -0.169182 0.920025
-6.31652 1.65 -8.00165 0.353457 -0.169182 0.920025
-6.26985 1.65 -8.01958 0.342391 -0.169182 0.9242
-6.22296 1.65 -8.03695 0.334987 -0.169182 0.926909
-6.17594 1.65 -8.05395 0.327561 -0.169182 0.92956
-6.12878 1.65 -8.07057 0.307033 -0.169182 0.93654
-6.08127 1.65 -8.08614 0.280693 -0.169182 0.944769
-6.03334 1.65 -8.10038 0.280693 -0.169182 0.944769
-5.98541 1.65 -8.11462 0.278803 -0.169182 0.945329
-5.93745 1.65 -8.12877 0.274925 -0.171153 0.946109
-5.88944 1.65 -8.14272 0.271043 -0.173123 0.946871
-5.84137 1.65 -8.15648 0.269149 -0.173123 0.947411
-5.79327 1.65 -8.17014 0.265357 -0.173123 0.94848
-5.79327 1.65 -8.17014 0.25957 -0.175093 0.949719
-5.79327 1.65 -8.17014 0.251783 -0.179029 0.95108
-5.79327 1.65 -8.17014 0.24589 -0.182963 0.951873
-5.79327 1.65 -8.17014 0.232277 -0.188859 0.954138
-5.79327 1.65 -8.17014 0.210814 -0.198669 0.957125
-5.79327 1.65 -8.17014 0.204984 -0.200629 0.957982
-5.79327 1.65 -8.17014 0.191394 -0.204546 0.959963
-5.79327 1.65 -8.17014 0.187474 -0.206503 0.960318
-5.79327 1.65 -8.17014 0.185553 -0.206503 0.960691
-5.79327 1.65 -8.17014 0.179786 -0.206503 0.961787
-5.79327 1.65 -8.17014 0.179786 -0.206503 0.961787
-5.79327 1.65 -8.17014 0.179786 -0.206503 0.961787
-5.79327 1.65 -8.17014 0.177862 -0.206503 0.962144
-5.79327 1.65 -8.17014 0.174012 -0.206503 0.962848
-5.79327 1.65 -8.17014 0.168232 -0.206503 0.963875
-5.79327 1.65 -8.17014 0.164375 -0.206503 0.96454
-5.79327 1.65 -8.17014 0.152789 -0.206503 0.966443
-5.79327 1.65 -8.17014 0.148922 -0.206503 0.967046
-5.79327 1.65 -8.17014 0.148922 -0.206503 0.967046
-5.79327 1.65 -8.17014 0.146988 -0.206503 0.967342
-5.74384 1.65 -8.17766 0.143117 -0.206503 0.967922
-5.69438 1.65 -8.18497 0.139303 -0.204546 0.968894
-5.64489 1.65 -8.19208 0.137365 -0.204546 0.969171
-5.59538 1.65 -8.1991 0.133543 -0.202588 0.970116
-5.54585 1.65 -8.20592 0.133543 -0.202588 0.970116
-5.49632 1.65 -8.21274 0.133543 -0.202588 0.970116
-5.44678 1.65 -8.21956 0.133543 -0.202588 0.970116
-5.39725 1.65 -8.22638 0.133543 -0.202588 0.970116
-5.34772 1.65 -8.23319 0.133543 -0.202588 0.970116
-5.29819 1.65 -8.24001 0.133598 -0.200629 0.970515
-5.29819 1.65 -8.24001 0.133598 -0.200629 0.970515
-5.29819 1.65 -8.24001 0.133598 -0.200629 0.970515
-5.29819 1.65 -8.24001 0.129715 -0.200629 0.971042
-5.29819 1.65 -8.24001 0.129715 -0.200629 0.971042
-5.29819 1.65 -8.24001 0.129715 -0.200629 0.971042
-5.29819 1.65 -8.24001 0.127824 -0.198669 0.971695
-5.29819 1.65 -8.24001 0.127824 -0.198669 0.971695
-5.29819 1.65 -8.24001 0.127824 -0.198669 0.971695
-5.29819 1.65 -8.24001 0.127824 -0.198669 0.971695
-5.29819 1.65 -8.24001 0.127824 -0.198669 0.971695
-5.29819 1.65 -8.24001 0.125931 -0.196709 0.972341
-5.29819 1.65 -8.24001 0.120191 -0.192785 0.973852
-5.29819 1.65 -8.24001 0.120191 -0.192785 0.973852
-5.29819 1.65 -8.24001 0.120191 -0.192785 0.973852
-5.29819 1.65 -8.24001 0.120191 -0.192785 0.973852
-5.29819 1.65 -8.24001 0.120191 -0.192785 0.973852
-5.29819 1.65 -8.24001 0.120191 -0.192785 0.973852
-5.29819 1.65 -8.24001 0.120191 -0.192785 0.973852
-5.29819 1.65 -8.24001 0.120191 -0.192785 0.973852
-5.29819 1.65 -8.24001 0.120191 -0.192785 0.973852
-5.29819 1.65 -8.24001 0.120191 -0.192785 0.973852
-5.29819 1.65 -8.24001 0.120191 -0.192785 0.973852
-5.29819 1.65 -8.24001 0.120191 -0.192785 0.973852
-5.29819 1.65 -8.24001 0.120191 -0.192785 0.973852
-5.29819 1.65 -8.24001 0.120191 -0.192785 0.973852
-5.29819 1.65 -8.24001 0.120191 -0.192785 0.973852
-5.29819 1.65 -8.24001 0.120191 -0.192785 0.973852
-5.29819 1.65 -8.24001 0.120191 -0.192785 0.973852
-5.29819 1.65 -8.24001 0.120191 -0.192785 0.973852
-5.29819 1.65 -8.24001 0.120191 -0.192785 0.973852
-5.29819 1.65 -8.24001 0.120191 -0.192785 0.973852
-5.29819 1.65 -8.24001 0.120191 -0.192785 0.973852
-5.29819 1.65 -8.24001 0.120191 -0.192785 0.973852
-5.29819 1.65 -8.24001 0.120191 -0.192785 0.973852
-5.29819 1.65 -8.24001 0.120191 -0.192785 0.973852
-5.29819 1.65 -8.24001 0.120191 -0.192785 0.973852
-5.29819 1.65 -8.24001 0.120191 -0.192785 0.973852
-5.29819 1.65 -8.24001 0.120191 -0.192785 0.973852
-5.29819 1.65 -8.24001 0.120191 -0.192785 0.973852
-5.29819 1.65 -8.24001 0.120191 -0.192785 0.973852
-5.29819 1.65 -8.24001 0.120191 -0.192785 0.973852
-5.29819 1.65 -8.24001 0.120191 -0.192785 0.973852
-5.29819 1.65 -8.24001 0.120191 -0.192785 0.973852
-5.29819 1.65 -8.24001 0.120191 -0.192785 0.973852
-5.29819 1.65 -8.24001 0.120191 -0.192785 0.973852
-5.29819 1.65 -8.24001 0.120191 -0.192785 0.973852
-5.29819 1.65 -8.24001 0.120191 -0.192785 0.973852
-5.29819 1.65 -8.24001 0.120191 -0.192785 0.973852
-5.29819 1.65 -8.24001 0.120191 -0.192785 0.973852
-5.29819 1.65 -8.24001 0.120191 -0.192785 0.973852
-5.29819 1.65 -8.24001 0.120191 -0.192785 0.973852
-5.29819 1.65 -8.24001 0.120191 -0.192785 0.973852
-5.29819 1.65 -8.24001 0.120191 -0.192785 0.973852
-5.29819 1.65 -8.24001 0.120191 -0.192785 0.973852
-5.29819 1.65 -8.24001 0.120191 -0.192785 0.973852
-5.29819 1.65 -8.24001 0.120191 -0.192785 0.973852
-5.29819 1.65 -8.24001 0.120191 -0.192785 0.973852
-5.29819 1.65 -8.24001 0.120191 -0.192785 0.973852
-5.29819 1.65 -8.24001 0.120191 -0.192785 0.973852
-5.29819 1.65 -8.24001 0.120191 -0.192785 0.973852
-5.29819 1.65 -8.24001 0.120191 -0.192785 0.973852
-5.3042 1.65 -8.28871 0.120191 -0.192785 0.973852
-5.3102 1.65 -8.3374 0.120191 -0.192785 0.973852
-5.31621 1.65 -8.38609 0.120191 -0.192785 0.973852
-5.32222 1.65 -8.43478 0.120191 -0.192785 0.973852
-5.32823 1.65 -8.48348 0.120191 -0.192785 0.973852
-5.33424 1.65 -8.53217 0.120191 -0.192785 0.973852
-5.34025 1.65 -8.58086 0.120191 -0.192785 0.973852
-5.34626 1.65 -8.62955 0.120191 -0.192785 0.973852
-5.35227 1.65 -8.67825 0.120191 -0.192785 0.973852
-5.35828 1.65 -8.72694 0.120191 -0.192785 0.973852
-5.36429 1.65 -8.77563 0.120191 -0.192785 0.973852
-5.3703 1.65 -8.82433 0.120191 -0.192785 0.973852
-5.37631 1.65 -8.87302 0.120191 -0.192785 0.973852
-5.38232 1.65 -8.92171 0.120191 -0.192785 0.973852
-5.38833 1.65 -8.9704 0.120191 -0.192785 0.973852
-5.39434 1.65 -9.0191 0.120191 -0.192785 0.973852
-5.40035 1.65 -9.06779 0.120191 -0.192785 0.973852
-5.40035 1.65 -9.06779 0.118243 -0.192785 0.974091
-5.40035 1.65 -9.06779 0.11439 -0.190822 0.974937
-5.40035 1.65 -9.06779 0.114434 -0.188859 0.975314
-5.40035 1.65 -9.06779 0.112527 -0.186894 0.975914
-5.40035 1.65 -9.06779 0.110658 -0.182963 0.976872
-5.40035 1.65 -9.06779 0.106905 -0.175093 0.978731
-5.40035 1.65 -9.06779 0.106905 -0.175093 0.978731
-5.40035 1.65 -9.06779 0.106905 -0.175093 0.978731
-5.40035 1.65 -9.06779 0.106905 -0.175093 0.978731
-5.40035 1.65 -9.06779 0.106943 -0.173123 0.979077
-5.40035 1.65 -9.06779 0.107017 -0.169182 0.979757
-5.40035 1.65 -9.06779 0.107017 -0.169182 0.979757
-5.40035 1.65 -9.06779 0.107017 -0.169182 0.979757
-5.40035 1.65 -9.06779 0.107017 -0.169182 0.979757
-5.40035 1.65 -9.06779 0.105057 -0.169182 0.97997
-5.40035 1.65 -9.06779 0.101239 -0.163266 0.981374
-5.40035 1.65 -9.06779 0.0955021 -0.153392 0.98354
-5.40035 1.65 -9.06779 0.0955316 -0.151415 0.983843
-5.40035 1.65 -9.06779 0.0955316 -0.151415 0.983843
-5.40035 1.65 -9.06779 0.0955316 -0.151415 0.983843
-5.40035 1.65 -9.06779 0.0955316 -0.151415 0.983843
-5.40035 1.65 -9.06779 0.0955316 -0.151415 0.983843
-5.40035 1.65 -9.06779 0.091678 -0.145482 0.985104
-5.40035 1.65 -9.06779 0.0839133 -0.135581 0.987206
-5.40035 1.65 -9.06779 0.0741535 -0.123682 0.989547
-5.40035 1.65 -9.06779 0.0741535 -0.123682 0.989547
-5.40035 1.65 -9.06779 0.0741535 -0.123682 0.989547
-5.40035 1.65 -9.06779 0.0741535 -0.123682 0.989547
-5.40035 1.65 -9.06779 0.0741535 -0.123682 0.989547
-5.40035 1.65 -9.06779 0.0741535 -0.123682 0.989547
-5.40035 1.65 -9.06779 0.0741535 -0.123682 0.989547
-5.40035 1.65 -9.06779 0.0701948 -0.123682 0.989836
-5.40035 1.65 -9.06779 0.0662183 -0.125667 0.98986
-5.40035 1.65 -9.06779 0.0662014 -0.127651 0.989607
-5.40035 1.65 -9.06779 0.0701225 -0.131617 0.988817
-5.40035 1.65 -9.06779 0.0799639 -0.135581 0.987534
-5.40035 1.65 -9.06779 0.0819388 -0.135581 0.987372
-5.40035 1.65 -9.06779 0.0819388 -0.135581 0.987372
-5.40035 1.65 -9.06779 0.0819388 -0.135581 0.987372
-5.40035 1.65 -9.06779 0.0819388 -0.135581 0.987372
-5.40035 1.65 -9.06779 0.0819388 -0.135581 0.987372
-5.40035 1.65 -9.06779 0.081961 -0.133599 0.98764
-5.40035 1.65 -9.06779 0.081961 -0.133599 0.98764
-5.40035 1.65 -9.06779 0.081961 -0.133599 0.98764
-5.40035 1.65 -9.06779 0.081961 -0.133599 0.98764
-5.40035 1.65 -9.06779 0.081961 -0.133599 0.98764
-5.40035 1.65 -9.06779 0.0779887 -0.135581 0.987692
-5.40035 1.65 -9.06779 0.0739539 -0.143503 0.986883
-5.40035 1.65 -9.06779 0.0739105 -0.14746 0.986303
-5.40035 1.65 -9.06779 0.073843 -0.153392 0.985403
-5.40035 1.65 -9.06779 0.07579 -0.155368 0.984945
-5.40035 1.65 -9.06779 0.0777597 -0.155368 0.984791
-5.40035 1.65 -9.06779 0.0816982 -0.155368 0.984473
-5.40035 1.65 -9.06779 0.0816982 -0.155368 0.984473
-5.40035 1.65 -9.06779 0.0836669 -0.155368 0.984307
-5.40035 1.65 -9.06779 0.0836669 -0.155368 0.984307
-5.39617 1.65 -9.01857 0.0836669 -0.155368 0.984307
-5.39198 1.65 -8.96936 0.0836669 -0.155368 0.984307
-5.3878 1.65 -8.92014 0.0836669 -0.155368 0.984307
-5.38362 1.65 -8.87093 0.0836669 -0.155368 0.984307
-5.37943 1.65 -8.82171 0.0836669 -0.155368 0.984307
-5.37525 1.65 -8.7725 0.0836669 -0.155368 0.984307
-5.37107 1.65 -8.72328 0.0836669 -0.155368 0.984307
-5.36688 1.65 -8.67407 0.0836669 -0.155368 0.984307
-5.3627 1.65 -8.62485 0.0836669 -0.155368 0.984307
-5.35852 1.65 -8.57564 0.0836669 -0.155368 0.984307
-5.35433 1.65 -8.52642 0.0836669 -0.155368 0.984307
-5.35015 1.65 -8.47721 0.0836669 -0.155368 0.984307
-5.34597 1.65 -8.42799 0.0856082 -0.157343 0.983826
-5.34169 1.65 -8.3788 0.0895141 -0.159318 0.983161
-5.33721 1.65 -8.32964 0.0934459 -0.159318 0.982795
-5.33254 1.65 -8.2805 0.0934459 -0.159318 0.982795
-5.37764 1.65 -8.22663 0.103269 -0.159318 0.981811
-5.4222 1.65 -8.17231 0.109158 -0.159318 0.981174
-5.46644 1.65 -8.11772 0.120885 -0.161292 0.979475
-5.51002 1.65 -8.06262 0.120885 -0.161292 0.979475
-5.5536 1.65 -8.00752 0.134585 -0.161292 0.977687
-5.60313 1.65 -8.0007 0.15021 -0.161292 0.975408
-5.65255 1.65 -7.99309 0.169687 -0.161292 0.972209
-5.7018 1.65 -7.9845 0.171631 -0.161292 0.971868
-5.75104 1.65 -7.9758 0.175517 -0.161292 0.971174
-5.80024 1.65 -7.96691 0.175517 -0.161292 0.971174
-5.84945 1.65 -7.95802 0.1794 -0.161292 0.970464
-5.89861 1.65 -7.94893 0.18522 -0.161292 0.96937
-5.94772 1.65 -7.93954 0.18522 -0.161292 0.96937
-5.99684 1.65 -7.93016 0.18522 -0.161292 0.96937
-6.04595 1.65 -7.92077 0.191033 -0.161292 0.968241
-6.095 1.65 -7.9111 0.200706 -0.161292 0.966283
-6.14396 1.65 -7.90093 0.212286 -0.161292 0.963805
-6.19279 1.65 -7.89017 0.21614 -0.161292 0.962948
-6.24157 1.65 -7.87922 0.21614 -0.161292 0.962948
-6.29036 1.65 -7.86827 0.218065 -0.161292 0.962514
-6.33912 1.65 -7.85722 0.218065 -0.161292 0.962514
-6.38789 1.65 -7.84618 0.21999 -0.161292 0.962076
-6.43663 1.65 -7.83503 0.223836 -0.161292 0.961188
-6.48533 1.65 -7.82369 0.223836 -0.161292 0.961188
-6.53402 1.65 -7.81235 0.223836 -0.161292 0.961188
-6.58272 1.65 -7.80101 0.227679 -0.161292 0.960285
-6.63137 1.65 -7.78947 0.235354 -0.161292 0.958433
-6.67993 1.65 -7.77755 0.246838 -0.161292 0.95554
-6.72834 1.65 -7.76505 0.252567 -0.161292 0.954041
-6.77667 1.65 -7.75225 0.265722 -0.165239 0.949783
-6.82482 1.65 -7.73878 0.265722 -0.165239 0.949783
-6.87298 1.65 -7.72531 0.286258 -0.171153 0.942742
-6.92082 1.65 -7.71078 0.319549 -0.179029 0.930504
-6.96811 1.65 -7.69454 0.325126 -0.179029 0.928569
-7.0153 1.65 -7.67802 0.332544 -0.179029 0.925939
-7.06236 1.65 -7.66112 0.347061 -0.182963 0.919822
-7.10914 1.65 -7.64346 0.347061 -0.182963 0.919822
-7.15592 1.65 -7.62581 0.363287 -0.186894 0.912739
-7.20237 1.65 -7.60732 0.365112 -0.186894 0.912011
-7.24879 1.65 -7.58874 0.379656 -0.186894 0.906053
-7.29491 1.65 -7.56942 0.379656 -0.186894 0.906053
-7.34102 1.65 -7.55009 0.388845 -0.184929 0.902552
-7.38694 1.65 -7.53031 0.418138 -0.177061 0.89096
-7.45311 1.65 -7.55362 0.456128 -0.165239 0.874439
-7.52025 1.65 -7.57421 0.459775 -0.163266 0.872898
-7.58748 1.65 -7.59456 0.465157 -0.161292 0.87041
-7.65483 1.65 -7.61451 0.466897 -0.161292 0.869478
-7.72223 1.65 -7.63433 0.466897 -0.161292 0.869478
-7.78962 1.65 -7.65415 0.468635 -0.161292 0.868542
-7.85706 1.65 -7.67383 0.468635 -0.161292 0.868542
-7.92449 1.65 -7.69352 0.468635 -0.161292 0.868542
-7.99193 1.65 -7.7132 0.468635 -0.161292 0.868542
-8.05936 1.65 -7.73289 0.468635 -0.161292 0.868542
-8.1268 1.65 -7.75257 0.468635 -0.161292 0.868542
-8.19423 1.65 -7.77225 0.468635 -0.161292 0.868542
-8.26167 1.65 -7.79194 0.457876 -0.165239 0.873525
-8.30595 1.65 -7.76873 0.441472 -0.173123 0.880415
-8.35065 1.65 -7.74631 0.437792 -0.175093 0.881862
-8.39543 1.65 -7.72408 0.435872 -0.177061 0.88242
-8.44026 1.65 -7.70194 0.435872 -0.177061 0.88242
-8.48509 1.65 -7.67979 0.435872 -0.177061 0.88242
-8.52992 1.65 -7.65765 0.435872 -0.177061 0.88242
-8.57475 1.65 -7.63551 0.437636 -0.177061 0.881546
-8.61954 1.65 -7.61327 0.441159 -0.177061 0.879789
-8.66423 1.65 -7.59086 0.446429 -0.177061 0.877126
-8.70879 1.65 -7.56818 0.453432 -0.177061 0.873527
-8.75317 1.65 -7.54515 0.472538 -0.177061 0.863341
-8.79703 1.65 -7.52114 0.507045 -0.173123 0.844354
-8.83989 1.65 -7.4954 0.507045 -0.173123 0.844354
-8.88276 1.65 -7.46966 0.512281 -0.171153 0.841591
-8.92547 1.65 -7.44366 0.512281 -0.171153 0.841591
-8.96818 1.65 -7.41766 0.512281 -0.171153 0.841591
-9.01089 1.65 -7.39167 0.502319 -0.169182 0.84797
-9.05391 1.65 -7.36618 0.483709 -0.167211 0.859108
-9.09747 1.65 -7.34165 0.452627 -0.165239 0.876256
-9.1419 1.65 -7.3187 0.448967 -0.167211 0.877764
-9.18641 1.65 -7.29594 0.446903 -0.171153 0.878057
-9.23097 1.65 -7.27326 0.446589 -0.175093 0.87744
-9.27553 1.65 -7.25058 0.446105 -0.180997 0.876488
-9.32009 1.65 -7.2279 0.447183 -0.188859 0.874277
-9.36461 1.65 -7.20513 0.450676 -0.188859 0.872481
-9.40903 1.65 -7.18218 0.457642 -0.188859 0.868848
-9.45327 1.65 -7.15888 0.459379 -0.188859 0.867931
-9.49746 1.65 -7.13549 0.459379 -0.188859 0.867931
-9.54165 1.65 -7.1121 0.46129 -0.186894 0.867342
-9.5858 1.65 -7.08862 0.453432 -0.177061 0.873527
-9.63017 1.65 -7.06559 0.424778 -0.159318 0.891168
-9.67531 1.65 -7.04407 0.359012 -0.135581 0.923433
-9.72191 1.65 -7.02595 0.329373 -0.133599 0.9347
-9.76907 1.65 -7.00934 0.31053 -0.135581 0.940845
-9.81655 1.65 -6.99366 0.31053 -0.135581 0.940845
-9.86403 1.65 -6.97799 0.304357 -0.14746 0.941075
-9.89639 1.65 -6.91555 0.34111 -0.159318 0.926424
-9.92625 1.65 -6.85196 0.421998 -0.173123 0.889913
-9.95033 1.65 -6.78604 0.530579 -0.188859 0.826328
-9.9238 1.65 -6.74472 0.600052 -0.184929 0.778293
-9.8938 1.65 -6.70581 0.653744 -0.179029 0.735233
-9.86111 1.65 -6.66904 0.734179 -0.171153 0.657029
-9.8244 1.65 -6.63619 0.813146 -0.163266 0.558693
-9.78374 1.65 -6.60826 0.813146 -0.163266 0.558693
-9.74309 1.65 -6.58032 0.813146 -0.163266 0.558693
-9.70243 1.65 -6.55239 0.813146 -0.163266 0.558693
-9.66177 1.65 -6.52445 0.814261 -0.163266 0.557066
-9.62106 1.65 -6.4966 0.830605 -0.163266 0.532391
-9.57953 1.65 -6.46998 0.861034 -0.163266 0.481627
-9.53648 1.65 -6.4459 0.869274 -0.165238 0.465896
-9.49301 1.65 -6.42261 0.884879 -0.169182 0.434012
-9.49301 1.65 -6.42261 0.889175 -0.169182 0.425142
-9.49301 1.65 -6.42261 0.895863 -0.169182 0.410861
-9.49301 1.65 -6.42261 0.899927 -0.169182 0.401882
-9.49301 1.65 -6.42261 0.907014 -0.169182 0.385619
-9.49301 1.65 -6.42261 0.91007 -0.169182 0.378351
-9.49301 1.65 -6.42261 0.912324 -0.169182 0.372884
-9.49301 1.65 -6.42261 0.918173 -0.169182 0.35824
-9.51119 1.65 -6.37602 0.918173 -0.169182 0.35824
-9.52936 1.65 -6.32944 0.918173 -0.169182 0.35824
-9.54753 1.65 -6.28286 0.918173 -0.169182 0.35824
-9.5198 1.65 -6.21837 0.91857 -0.171153 0.356279
-9.49195 1.65 -6.15394 0.918635 -0.175093 0.354192
-9.46401 1.65 -6.08958 0.918344 -0.180997 0.351972
-9.43598 1.65 -6.02529 0.918344 -0.180997 0.351972
-9.45388 1.65 -5.9786 0.918706 -0.182963 0.350005
-9.47168 1.65 -5.93188 0.918699 -0.190822 0.345801
-9.48929 1.65 -5.88508 0.918699 -0.190822 0.345801
-9.5069 1.65 -5.83829 0.922058 -0.194747 0.334489
-9.52396 1.65 -5.79129 0.927687 -0.202588 0.313615
-9.53997 1.65 -5.74392 0.928313 -0.202588 0.311759
-9.55589 1.65 -5.69652 0.928934 -0.202588 0.309902
-9.57171 1.65 -5.64909 0.930166 -0.202588 0.306184
-9.58734 1.65 -5.6016 0.930166 -0.202588 0.306184
-9.60298 1.65 -5.55411 0.934747 -0.200629 0.293253
-9.60298 1.65 -5.55411 0.943355 -0.196709 0.267185
-9.60298 1.65 -5.55411 0.943355 -0.196709 0.267185
-9.60298 1.65 -5.55411 0.943355 -0.196709 0.267185
-9.60298 1.65 -5.55411 0.943355 -0.196709 0.267185
-9.60298 1.65 -5.55411 0.943355 -0.196709 0.267185
-9.60298 1.65 -5.55411 0.943355 -0.196709 0.267185
-9.60298 1.65 -5.55411 0.943355 -0.196709 0.267185
-9.60298 1.65 -5.55411 0.943355 -0.196709 0.267185
-9.60298 1.65 -5.55411 0.943355 -0.196709 0.267185
-9.60298 1.65 -5.55411 0.942974 -0.198669 0.267077
-9.60298 1.65 -5.55411 0.942974 -0.198669 0.267077
-9.60298 1.65 -5.55411 0.943506 -0.198669 0.26519
-9.60298 1.65 -5.55411 0.947381 -0.194747 0.254053
-9.60298 1.65 -5.55411 0.957677 -0.182963 0.222214
-9.60298 1.65 -5.55411 0.972025 -0.163266 0.168856
-9.60298 1.65 -5.55411 0.974301 -0.159318 0.159232
-9.60298 1.65 -5.55411 0.974301 -0.159318 0.159232
-9.60298 1.65 -5.55411 0.974301 -0.159318 0.159232
-9.60298 1.65 -5.55411 0.974301 -0.159318 0.159232
-9.60298 1.65 -5.55411 0.974301 -0.159318 0.159232
-9.60298 1.65 -5.55411 0.974301 -0.159318 0.159232
-9.60298 1.65 -5.55411 0.974301 -0.159318 0.159232
-9.60298 1.65 -5.55411 0.97493 -0.159318 0.155333
-9.60298 1.65 -5.55411 0.977251 -0.161292 0.137716
-9.60298 1.65 -5.55411 0.978185 -0.165239 0.125896
-9.60298 1.65 -5.55411 0.97941 -0.169182 0.110155
-9.60298 1.65 -5.55411 0.979628 -0.169182 0.108196
-9.60298 1.65 -5.55411 0.979628 -0.169182 0.108196
-9.60298 1.65 -5.55411 0.979628 -0.169182 0.108196
-9.60298 1.65 -5.55411 0.979628 -0.169182 0.108196
-9.60298 1.65 -5.55411 0.978731 -0.169182 0.116029
-9.60886 1.65 -5.50445 0.978731 -0.169182 0.116029
-9.61475 1.65 -5.4548 0.968633 -0.173123 0.178264
-9.6238 1.65 -5.40563 0.930073 -0.182963 0.318573
-9.64 1.65 -5.35833 0.828278 -0.198669 0.523915
-9.66673 1.65 -5.31607 0.787797 -0.202588 0.581665
-9.69643 1.65 -5.27584 0.763268 -0.206503 0.612192
-9.72771 1.65 -5.23684 0.726872 -0.21237 0.653113
-9.76113 1.65 -5.19965 0.687957 -0.220181 0.691546
-9.79658 1.65 -5.16439 0.687957 -0.220181 0.691546
-9.83202 1.65 -5.12912 0.687957 -0.220181 0.691546
-9.86747 1.65 -5.09386 0.687957 -0.220181 0.691546
-9.90292 1.65 -5.0586 0.687957 -0.220181 0.691546
-9.93836 1.65 -5.02333 0.687957 -0.220181 0.691546
-9.97381 1.65 -4.98807 0.676805 -0.220181 0.702464
-10.0098 1.65 -4.95338 0.676805 -0.220181 0.702464
-10.0458 1.65 -4.91869 0.668023 -0.222131 0.710213
-10.0822 1.65 -4.88443 0.656275 -0.224081 0.72048
-10.1192 1.65 -4.85076 0.656275 -0.224081 0.72048
-10.1562 1.65 -4.81709 0.656275 -0.224081 0.72048
-10.1931 1.65 -4.78342 0.656275 -0.224081 0.72048
-10.2301 1.65 -4.74975 0.654832 -0.224081 0.721791
-10.2671 1.65 -4.71615 0.65194 -0.224081 0.724405
-10.3043 1.65 -4.68271 0.65194 -0.224081 0.724405
-10.3415 1.65 -4.64926 0.65194 -0.224081 0.724405
-10.3786 1.65 -4.61581 0.65194 -0.224081 0.724405
-10.4158 1.65 -4.58236 0.65194 -0.224081 0.724405
-10.453 1.65 -4.54891 0.65194 -0.224081 0.724405
-10.4901 1.65 -4.51547 0.65194 -0.224081 0.724405
-10.5273 1.65 -4.48202 0.65194 -0.224081 0.724405
-10.5645 1.65 -4.44857 0.65194 -0.224081 0.724405
-10.6016 1.65 -4.41512 0.65194 -0.224081 0.724405
-10.6388 1.65 -4.38168 0.652238 -0.222131 0.724736
-10.676 1.65 -4.34823 0.652238 -0.222131 0.724736
-10.7131 1.65 -4.31478 0.652238 -0.222131 0.724736
-10.7503 1.65 -4.28133 0.652534 -0.220181 0.725065
-10.7875 1.65 -4.24789 0.653406 -0.214324 0.726034
-10.8246 1.65 -4.21444 0.653406 -0.214324 0.726034
-10.8618 1.65 -4.18099 0.653406 -0.214324 0.726034
-10.8989 1.65 -4.14754 0.653406 -0.214324 0.726034
-10.9361 1.65 -4.11409 0.653406 -0.214324 0.726034
-10.9733 1.65 -4.08065 0.653406 -0.214324 0.726034
-11.0104 1.65 -4.0472 0.653406 -0.214324 0.726034
-11.0476 1.65 -4.01375 0.650781 -0.21237 0.72896
-11.0849 1.65 -3.98045 0.646675 -0.210415 0.733169
-11.1224 1.65 -3.94738 0.645208 -0.210415 0.734461
-11.16 1.65 -3.91438 0.645208 -0.210415 0.734461
-11.1975 1.65 -3.88138 0.643737 -0.210415 0.73575
-11.2352 1.65 -3.84846 0.640789 -0.210415 0.738319
-11.2729 1.65 -3.81568 0.640789 -0.210415 0.738319
-11.3107 1.65 -3.78291 0.636348 -0.210415 0.74215
-11.3486 1.65 -3.75036 0.636348 -0.210415 0.74215
-11.3866 1.65 -3.71782 0.621645 -0.20846 0.755051
-11.4252 1.65 -3.68604 0.614064 -0.20846 0.76123
-11.4641 1.65 -3.65464 0.61254 -0.20846 0.762456
-11.5031 1.65 -3.62333 0.607954 -0.20846 0.766118
-11.5423 1.65 -3.59225 0.595619 -0.20846 0.775747
-11.5819 1.65 -3.5618 0.552164 -0.214324 0.805717
-11.5956 1.65 -3.49325 0.552164 -0.214324 0.805717
-11.6092 1.65 -3.4247 0.550551 -0.214324 0.80682
-11.623 1.65 -3.35617 0.550551 -0.214324 0.80682
-11.6367 1.65 -3.28765 0.550551 -0.214324 0.80682
-11.6505 1.65 -3.21913 0.54732 -0.214324 0.809016
-11.6646 1.65 -3.15066 0.54083 -0.214324 0.813368
-11.6792 1.65 -3.0823 0.54083 -0.214324 0.813368
-11.6938 1.65 -3.01395 0.54083 -0.214324 0.813368
-11.7083 1.65 -2.9456 0.54083 -0.214324 0.813368
-11.7229 1.65 -2.87724 0.539202 -0.214324 0.814448
-11.7377 1.65 -2.80892 0.539202 -0.214324 0.814448
-11.7524 1.65 -2.7406 0.539202 -0.214324 0.814448
-11.7671 1.65 -2.67227 0.539202 -0.214324 0.814448
-11.7819 1.65 -2.60395 0.539202 -0.214324 0.814448
-11.7966 1.65 -2.53563 0.539202 -0.214324 0.814448
-11.8113 1.65 -2.4673 0.539202 -0.214324 0.814448
-11.8261 1.65 -2.39898 0.539202 -0.214324 0.814448
-11.8408 1.65 -2.33065 0.539202 -0.214324 0.814448
-11.8555 1.65 -2.26233 0.539202 -0.214324 0.814448
-11.8702 1.65 -2.19401 0.539202 -0.214324 0.814448
-11.885 1.65 -2.12568 0.539202 -0.214324 0.814448
-11.9267 1.65 -2.09808 0.539202 -0.214324 0.814448
-11.9684 1.65 -2.07048 0.539202 -0.214324 0.814448
-12.01 1.65 -2.04288 0.539202 -0.214324 0.814448
-12.0517 1.65 -2.01528 0.539202 -0.214324 0.814448
-12.0934 1.65 -1.98767 0.539202 -0.214324 0.814448
-12.1351 1.65 -1.96007 0.538964 -0.216277 0.814089
-12.1768 1.65 -1.93247 0.54845 -0.218229 0.807204
-12.2182 1.65 -1.90437 0.556495 -0.218229 0.801679
-12.2592 1.65 -1.87586 0.568994 -0.220181 0.792317
-12.2999 1.65 -1.84669 0.568994 -0.220181 0.792317
-12.3405 1.65 -1.81753 0.5894 -0.220181 0.777257
-12.3803 1.65 -1.78732 0.636426 -0.220181 0.739244
-12.4182 1.65 -1.7547 0.636426 -0.220181 0.739244
-12.4561 1.65 -1.72207 0.636426 -0.220181 0.739244
-12.494 1.65 -1.68945 0.664646 -0.216277 0.715172
-12.5306 1.65 -1.65541 0.704555 -0.210415 0.677737
-12.5653 1.65 -1.61938 0.723563 -0.20846 0.658028
-12.5989 1.65 -1.58239 0.742016 -0.206503 0.637784
-12.6315 1.65 -1.54447 0.780436 -0.204546 0.590831
-12.6617 1.65 -1.50461 0.831761 -0.202588 0.516848
-12.6881 1.65 -1.46214 0.837232 -0.200629 0.508714
-12.714 1.65 -1.41941 0.841275 -0.200629 0.502
-12.7397 1.65 -1.37647 0.854389 -0.198669 0.480156
-12.7642 1.65 -1.33288 0.859495 -0.196709 0.471778
-12.7882 1.65 -1.28905 0.874633 -0.188859 0.446486
-12.8109 1.65 -1.24452 0.874633 -0.188859 0.446486
-12.8337 1.65 -1.19998 0.874633 -0.188859 0.446486
-12.8564 1.65 -1.15545 0.912635 -0.167211 0.373011
-12.8753 1.65 -1.10917 0.955638 -0.141523 0.258317
-12.8884 1.65 -1.0609 0.985633 -0.113753 0.124851
-12.8947 1.65 -1.0113 0.985633 -0.113753 0.124851
-12.9009 1.65 -0.961692 0.985633 -0.113753 0.124851
-12.9072 1.65 -0.912089 0.985633 -0.113753 0.124851
-12.9135 1.65 -0.862485 0.985633 -0.113753 0.124851
-12.9198 1.65 -0.812881 0.985405 -0.11574 0.124822
-12.9753 1.65 -0.769519 0.985405 -0.11574 0.124822
-13.0309 1.65 -0.726156 0.984938 -0.119712 0.124763
-13.0864 1.65 -0.682791 0.984208 -0.125667 0.12467
-13.1419 1.65 -0.639421 0.983402 -0.135581 0.120573
-13.1972 1.65 -0.595821 0.984064 -0.137562 0.112671
-13.2521 1.65 -0.551779 0.986161 -0.143503 0.0830325
-13.3056 1.65 -0.506107 0.986361 -0.14746 0.0731238
-13.3586 1.65 -0.4599 0.986361 -0.14746 0.0731238
-13.4116 1.65 -0.413693 0.986506 -0.14746 0.071151
-13.4645 1.65 -0.36738 0.986506 -0.14746 0.071151
-13.5174 1.65 -0.321067 0.986318 -0.151415 0.0651913
-13.5701 1.65 -0.274436 0.986079 -0.155368 0.0592354
-13.6224 1.65 -0.227487 0.985247 -0.161292 0.0572081
-13.6745 1.65 -0.180432 0.985247 -0.161292 0.0572081
-13.7267 1.65 -0.133376 0.985247 -0.161292 0.0572081
-13.7788 1.65 -0.0863209 0.985247 -0.161292 0.0572081
-13.831 1.65 -0.0392654 0.985247 -0.161292 0.0572081
-13.8832 1.65 0.00779017 0.985247 -0.161292 0.0572081
-13.9353 1.65 0.0548457 0.985247 -0.161292 0.0572081
-13.9875 1.65 0.101901 0.985247 -0.161292 0.0572081
-14.0396 1.65 0.148957 0.985247 -0.161292 0.0572081
-14.0918 1.65 0.196012 0.983894 -0.157343 0.0848237
-14.1453 1.65 0.241586 0.96964 -0.145482 0.196555
-14.2037 1.65 0.280762 0.909618 -0.127651 0.395348
-14.2691 1.65 0.306851 0.873241 -0.127651 0.470272
-14.3365 1.65 0.327359 0.873241 -0.127651 0.470272
-14.4039 1.65 0.347868 0.77502 -0.149438 0.614013
-14.4737 1.65 0.356358 0.753238 -0.153392 0.639611
-14.5437 1.65 0.362491 0.708042 -0.165238 0.686566
-14.6139 1.65 0.364058 0.704812 -0.169182 0.688925
-14.6841 1.65 0.365368 0.704812 -0.169182 0.688925
-14.7543 1.65 0.366678 0.704812 -0.169182 0.688925
-14.8245 1.65 0.367988 0.704812 -0.169182 0.688925
-14.8947 1.65 0.369297 0.705945 -0.171153 0.687276
-14.9295 1.65 0.405123 0.70844 -0.173123 0.684208
-14.9643 1.65 0.441088 0.70844 -0.173123 0.684208
-14.999 1.65 0.477054 0.709807 -0.173123 0.68279
-15.0337 1.65 0.513088 0.712281 -0.175093 0.679705
-15.0682 1.65 0.549261 0.71718 -0.179029 0.6735
-15.1024 1.65 0.585709 0.724676 -0.182963 0.664356
-15.1362 1.65 0.622565 0.732045 -0.186894 0.655119
-15.1695 1.65 0.659824 0.746689 -0.192785 0.636624
-15.202 1.65 0.697872 0.766351 -0.202588 0.609643
-15.2331 1.65 0.737001 0.771764 -0.206503 0.601446
-15.2638 1.65 0.776439 0.780622 -0.210415 0.588519
-15.2939 1.65 0.816364 0.78297 -0.210415 0.585392
-15.3239 1.65 0.856409 0.788784 -0.210415 0.577533
-15.3534 1.65 0.896752 0.807961 -0.210415 0.550386
-15.3816 1.65 0.938075 0.83951 -0.210415 0.500947
-15.4072 1.65 0.981012 0.849361 -0.210415 0.484058
-15.432 1.65 1.02445 0.867663 -0.21237 0.449511
-15.455 1.65 1.06885 0.867663 -0.21237 0.449511
-15.478 1.65 1.11324 0.874744 -0.21237 0.435571
-15.5002 1.65 1.158 0.899288 -0.21237 0.382334
-15.5198 1.65 1.20402 0.908924 -0.21237 0.358826
-15.5382 1.65 1.25052 0.929207 -0.210415 0.303809
-15.5537 1.65 1.29805 0.953809 -0.198669 0.225341
-15.5652 1.65 1.34671 0.97754 -0.180997 0.107965
-15.5707 1.65 1.39641 0.980037 -0.179029 0.0864662
-15.5751 1.65 1.44621 0.981151 -0.179029 0.0727376
-15.5788 1.65 1.49608 0.981702 -0.179029 0.0648862
-15.5821 1.65 1.54597 0.982073 -0.179029 0.0589948
-15.5851 1.65 1.59588 0.982514 -0.179029 0.0511364
-15.5877 1.65 1.64581 0.98334 -0.179029 0.0314772
-15.5893 1.65 1.69578 0.98356 -0.179029 0.0236096
-15.5905 1.65 1.74577 0.983812 -0.179029 -0.00787107
-15.5901 1.65 1.79577 0.983206 -0.179029 -0.0354111
-15.5883 1.65 1.84574 0.983206 -0.179029 -0.0354111
-15.5865 1.65 1.8957 0.981953 -0.179029 -0.0609596
-15.5834 1.65 1.94561 0.977811 -0.177061 -0.111956
-15.5777 1.65 1.99528 0.974294 -0.177061 -0.139288
-15.5706 1.65 2.04478 0.970994 -0.177061 -0.160687
-15.5624 1.65 2.09411 0.967944 -0.180997 -0.174138
-15.5536 1.65 2.14332 0.960059 -0.190822 -0.20463
-15.5432 1.65 2.19222 0.944547 -0.206503 -0.25532
-15.5301 1.65 2.24049 0.934524 -0.210415 -0.287036
-15.5154 1.65 2.28828 0.908126 -0.216277 -0.358512
-15.4971 1.65 2.33479 0.888677 -0.218229 -0.403272
-15.4764 1.65 2.38032 0.846138 -0.222131 -0.484467
-15.4516 1.65 2.42371 0.774755 -0.229924 -0.588973
-15.4213 1.65 2.46352 0.769653 -0.23187 -0.59487
-15.3907 1.65 2.50308 0.769653 -0.23187 -0.59487
-15.3602 1.65 2.54264 0.770909 -0.237702 -0.590929
-15.3297 1.65 2.58232 0.770909 -0.237702 -0.590929
-15.2993 1.65 2.622 0.770909 -0.237702 -0.590929
-15.2993 1.65 2.622 0.770909 -0.237702 -0.590929
-15.2993 1.65 2.622 0.770909 -0.237702 -0.590929
-15.2993 1.65 2.622 0.770909 -0.237702 -0.590929
-15.2993 1.65 2.622 0.770909 -0.237702 -0.590929
-15.2993 1.65 2.622 0.770909 -0.237702 -0.590929
-15.2993 1.65 2.622 0.770909 -0.237702 -0.590929
-15.2993 1.65 2.622 0.770909 -0.237702 -0.590929
-15.2993 1.65 2.622 0.779106 -0.237702 -0.580079
-15.2993 1.65 2.622 0.790936 -0.235759 -0.564657
-15.2993 1.65 2.622 0.796194 -0.23187 -0.558849
-15.2993 1.65 2.622 0.776195 -0.222131 -0.590067
-15.2993 1.65 2.622 0.764056 -0.216277 -0.607818
-15.2993 1.65 2.622 0.739459 -0.206503 -0.640747
-15.2993 1.65 2.622 0.739459 -0.206503 -0.640747
-15.3363 1.65 2.65404 0.727806 -0.206503 -0.653953
-15.3727 1.65 2.68674 0.714582 -0.206503 -0.668377
-15.4084 1.65 2.72016 0.70726 -0.210415 -0.674914
-15.4438 1.65 2.7539 0.688572 -0.216277 -0.692165
-15.4782 1.65 2.78851 0.684407 -0.216277 -0.696284
-15.5481 1.65 2.78828 0.681616 -0.216277 -0.699016
-15.618 1.65 2.78832 0.681616 -0.216277 -0.699016
-15.6878 1.65 2.78836 0.681616 -0.216277 -0.699016
-15.7577 1.65 2.78841 0.683013 -0.216277 -0.697652
-15.8276 1.65 2.78831 0.685798 -0.216277 -0.694914
-15.8975 1.65 2.78794 0.693018 -0.214324 -0.688325
-15.9674 1.65 2.78688 0.707563 -0.20846 -0.675203
-16.0373 1.65 2.78447 0.719907 -0.206503 -0.662639
-16.1071 1.65 2.78081 0.727806 -0.206503 -0.653953
-16.1769 1.7 2.77631 0.748356 -0.206503 -0.630332
-16.2466 1.75 2.76959 0.750872 -0.206503 -0.627334
-16.3162 1.8 2.76259 0.754622 -0.206503 -0.622818
-16.3857 1.85 2.75516 0.754622 -0.206503 -0.622818
-16.4553 1.9 2.74774 0.754622 -0.206503 -0.622818
-16.5248 1.95 2.74032 0.758024 -0.20846 -0.618016
-16.5943 2 2.73247 0.765607 -0.214324 -0.606556
-16.6637 2.05 2.72361 0.779364 -0.224081 -0.585132
-16.7026 2.1 2.75286 0.779364 -0.224081 -0.585132
-16.7416 2.15 2.78212 0.781338 -0.226029 -0.581741
-16.7807 2.2 2.81121 0.786749 -0.227977 -0.573631
-16.82 2.25 2.83989 0.795452 -0.229924 -0.560706
-16.8598 2.25 2.86792 0.812209 -0.233815 -0.534459
-16.9004 2.25 2.89465 0.815401 -0.233815 -0.529576
-16.9412 2.25 2.92112 0.820656 -0.233815 -0.521396
-16.9822 2.25 2.94719 0.820656 -0.233815 -0.521396
-17.0232 2.25 2.97326 0.820656 -0.233815 -0.521396
-17.0643 2.25 2.99933 0.820656 -0.233815 -0.521396
-17.1053 2.25 3.0254 0.820656 -0.233815 -0.521396
-17.1463 2.25 3.05147 0.820656 -0.233815 -0.521396
-17.1873 2.25 3.07754 0.820656 -0.233815 -0.521396
-17.2284 2.25 3.10361 0.820656 -0.233815 -0.521396
-17.2694 2.25 3.12968 0.820656 -0.233815 -0.521396
-17.3104 2.25 3.15575 0.820656 -0.233815 -0.521396
-17.3515 2.25 3.18182 0.820656 -0.233815 -0.521396
-17.3515 2.25 3.18182 0.820656 -0.233815 -0.521396
-17.3515 2.25 3.18182 0.820656 -0.233815 -0.521396
-17.3515 2.25 3.18182 0.820656 -0.233815 -0.521396
-17.3515 2.25 3.18182 0.820656 -0.233815 -0.521396
-17.3515 2.25 3.18182 0.820656 -0.233815 -0.521396
-17.3515 2.25 3.18182 0.820656 -0.233815 -0.521396
-17.3515 2.25 3.18182 0.820656 -0.233815 -0.521396
-17.3515 2.25 3.18182 0.820656 -0.233815 -0.521396
-17.3515 2.25 3.18182 0.820656 -0.233815 -0.521396
-17.3515 2.25 3.18182 0.820656 -0.233815 -0.521396
-17.3515 2.25 3.18182 0.820656 -0.233815 -0.521396
-17.3515 2.25 3.18182 0.820656 -0.233815 -0.521396
-17.3515 2.25 3.18182 0.820656 -0.233815 -0.521396
-17.3515 2.25 3.18182 0.820656 -0.233815 -0.521396
-17.3515 2.25 3.18182 0.820656 -0.233815 -0.521396
-17.3515 2.25 3.18182 0.820656 -0.233815 -0.521396
-17.3515 2.25 3.18182 0.820656 -0.233815 -0.521396
-17.3515 2.25 3.18182 0.820656 -0.233815 -0.521396
-17.3515 2.25 3.18182 0.820656 -0.233815 -0.521396
-17.3515 2.25 3.18182 0.820656 -0.233815 -0.521396
-17.3515 2.25 3.18182 0.820656 -0.233815 -0.521396
-17.3515 2.25 3.18182 0.820656 -0.233815 -0.521396
-17.3515 2.25 3.18182 0.820656 -0.233815 -0.521396
-17.3515 2.25 3.18182 0.820656 -0.233815 -0.521396
-17.3515 2.25 3.18182 0.820656 -0.233815 -0.521396
-17.3515 2.25 3.18182 0.820656 -0.233815 -0.521396
-17.3515 2.25 3.18182 0.820656 -0.233815 -0.521396
-17.3515 2.25 3.18182 0.820656 -0.233815 -0.521396
-17.3515 2.25 3.18182 0.820656 -0.233815 -0.521396
-17.3515 2.25 3.18182 0.820656 -0.233815 -0.521396
-17.3515 2.25 3.18182 0.820656 -0.233815 -0.521396
-17.3515 2.25 3.18182 0.820656 -0.233815 -0.521396
-17.3515 2.25 3.18182 0.820656 -0.233815 -0.521396
-17.3515 2.25 3.18182 0.820656 -0.233815 -0.521396
-17.3515 2.25 3.18182 0.820656 -0.233815 -0.521396
-17.3515 2.25 3.18182 0.820656 -0.233815 -0.521396
-17.3515 2.25 3.18182 0.820656 -0.233815 -0.521396
-17.3515 2.25 3.18182 0.820656 -0.233815 -0.521396
-17.3515 2.25 3.18182 0.820656 -0.233815 -0.521396
-17.3515 2.25 3.18182 0.820656 -0.233815 -0.521396
-17.3515 2.25 3.18182 0.820656 -0.233815 -0.521396
-17.3515 2.25 3.18182 0.820656 -0.233815 -0.521396
-17.3515 2.25 3.18182 0.820656 -0.233815 -0.521396
-17.3515 2.25 3.18182 0.820656 -0.233815 -0.521396
-17.3515 2.25 3.18182 0.820656 -0.233815 -0.521396
-17.3515 2.25 3.18182 0.820656 -0.233815 -0.521396
-17.3515 2.25 3.18182 0.820656 -0.233815 -0.521396
-17.3515 2.25 3.18182 0.820656 -0.233815 -0.521396
-17.3515 2.25 3.18182 0.820656 -0.233815 -0.521396
-17.3515 2.25 3.18182 0.820656 -0.233815 -0.521396
-17.3515 2.25 3.18182 0.820656 -0.233815 -0.521396
-17.3515 2.25 3.18182 0.820656 -0.233815 -0.521396
-17.3515 2.25 3.18182 0.820656 -0.233815 -0.521396
-17.3515 2.25 3.18182 0.820656 -0.233815 -0.521396
-17.3515 2.25 3.18182 0.820656 -0.233815 -0.521396
-17.3515 2.25 3.18182 0.820656 -0.233815 -0.521396
-17.3515 2.25 3.18182 0.820656 -0.233815 -0.521396
-17.3515 2.25 3.18182 0.820656 -0.233815 -0.521396
-17.3515 2.25 3.18182 0.820656 -0.233815 -0.521396
-17.3515 2.25 3.18182 0.820656 -0.233815 -0.521396
-17.3515 2.25 3.18182 0.820656 -0.233815 -0.521396
-17.3515 2.25 3.18182 0.820656 -0.233815 -0.521396
-17.3515 2.25 3.18182 0.820656 -0.233815 -0.521396
-17.3515 2.25 3.18182 0.820656 -0.233815 -0.521396
-17.3515 2.25 3.18182 0.820656 -0.233815 -0.521396
-17.3515 2.25 3.18182 0.820656 -0.233815 -0.521396
-17.3515 2.25 3.18182 0.820656 -0.233815 -0.521396
-17.3515 2.25 3.18182 0.820656 -0.233815 -0.521396
-17.3515 2.25 3.18182 0.820656 -0.233815 -0.521396
-17.3515 2.25 3.18182 0.820656 -0.233815 -0.521396
-17.3515 2.25 3.18182 0.820656 -0.233815 -0.521396
-17.3515 2.25 3.18182 0.820656 -0.233815 -0.521396
-17.3515 2.25 3.18182 0.820656 -0.233815 -0.521396
-17.3515 2.25 3.18182 0.820656 -0.233815 -0.521396
-17.3515 2.25 3.18182 0.820656 -0.233815 -0.521396
-17.3515 2.25 3.18182 0.820656 -0.233815 -0.521396
-17.3515 2.25 3.18182 0.820656 -0.233815 -0.521396
-17.3515 2.25 3.18182 0.820656 -0.233815 -0.521396
-17.3515 2.25 3.18182 0.820656 -0.233815 -0.521396
-17.3515 2.25 3.18182 0.820656 -0.233815 -0.521396
-17.3515 2.25 3.18182 0.820656 -0.233815 -0.521396
-17.3515 2.25 3.18182 0.820656 -0.233815 -0.521396
-17.3515 2.25 3.18182 0.820656 -0.233815 -0.521396
-17.3515 2.25 3.18182 0.820656 -0.233815 -0.521396
-17.3515 2.25 3.18182 0.820656 -0.233815 -0.521396
-17.3515 2.25 3.18182 0.820656 -0.233815 -0.521396
-17.3515 2.25 3.18182 0.820656 -0.233815 -0.521396
-17.3515 2.25 3.18182 0.820656 -0.233815 -0.521396
-17.3515 2.25 3.18182 0.820656 -0.233815 -0.521396
-17.3515 2.25 3.18182 0.820656 -0.233815 -0.521396
-17.3515 2.25 3.18182 0.820656 -0.233815 -0.521396
-17.3515 2.25 3.18182 0.820656 -0.233815 -0.521396
-17.3515 2.25 3.18182 0.820656 -0.233815 -0.521396
-17.3515 2.25 3.18182 0.820656 -0.233815 -0.521396
-17.3515 2.25 3.18182 0.820656 -0.233815 -0.521396
-17.3515 2.25 3.18182 0.820656 -0.233815 -0.521396
-17.3515 2.25 3.18182 0.820656 -0.233815 -0.521396
-17.3515 2.25 3.18182 0.820656 -0.233815 -0.521396
-17.3515 2.25 3.18182 0.820656 -0.233815 -0.521396
-17.3515 2.25 3.18182 0.820656 -0.233815 -0.521396
-17.3515 2.25 3.18182 0.820656 -0.233815 -0.521396
-17.3515 2.25 3.18182 0.820656 -0.233815 -0.521396
-17.3515 2.25 3.18182 0.820656 -0.233815 -0.521396
-17.3515 2.25 3.18182 0.820656 -0.233815 -0.521396
-17.3515 2.25 3.18182 0.820656 -0.233815 -0.521396
-17.3515 2.25 3.18182 0.820656 -0.233815 -0.521396
-17.3515 2.25 3.18182 0.820656 -0.233815 -0.521396
-17.3515 2.25 3.18182 0.820656 -0.233815 -0.521396
-17.3515 2.25 3.18182 0.820656 -0.233815 -0.521396
-17.3515 2.25 3.18182 0.820656 -0.233815 -0.521396
-17.3515 2.25 3.18182 0.820656 -0.233815 -0.521396
-17.3515 2.25 3.18182 0.820656 -0.233815 -0.521396
-17.3515 2.25 3.18182 0.820656 -0.233815 -0.521396
-17.3515 2.25 3.18182 0.820656 -0.233815 -0.521396
-17.3515 2.25 3.18182 0.820656 -0.233815 -0.521396
-17.3515 2.25 3.18182 0.820656 -0.233815 -0.521396
-17.3515 2.25 3.18182 0.820656 -0.233815 -0.521396
-17.3515 2.25 3.18182 0.820656 -0.233815 -0.521396
-17.3515 2.25 3.18182 0.820656 -0.233815 -0.521396
-17.3515 2.25 3.18182 0.820656 -0.233815 -0.521396
-17.3515 2.25 3.18182 0.820656 -0.233815 -0.521396
-17.3515 2.25 3.18182 0.820656 -0.233815 -0.521396
-17.3515 2.25 3.18182 0.820656 -0.233815 -0.521396
-17.3515 2.25 3.18182 0.820656 -0.233815 -0.521396
-17.3515 2.25 3.18182 0.820656 -0.233815 -0.521396
-17.3515 2.25 3.18182 0.820656 -0.233815 -0.521396
-17.3515 2.25 3.18182 0.820656 -0.233815 -0.521396
-17.3515 2.25 3.18182 0.820656 -0.233815 -0.521396
-17.3515 2.25 3.18182 0.820656 -0.233815 -0.521396
-17.3515 2.25 3.18182 0.820656 -0.233815 -0.521396
-17.3515 2.25 3.18182 0.820656 -0.233815 -0.521396
-17.3515 2.25 3.18182 0.820656 -0.233815 -0.521396
-17.3515 2.25 3.18182 0.820656 -0.233815 -0.521396
-17.3515 2.25 3.18182 0.820656 -0.233815 -0.521396
-17.3515 2.25 3.18182 0.820656 -0.233815 -0.521396
-17.3515 2.25 3.18182 0.820656 -0.233815 -0.521396
-17.3515 2.25 3.18182 0.820656 -0.233815 -0.521396
-17.3515 2.25 3.18182 0.820656 -0.233815 -0.521396
-17.3515 2.25 3.18182 0.820656 -0.233815 -0.521396
-17.3515 2.25 3.18182 0.820656 -0.233815 -0.521396
-17.3515 2.25 3.18182 0.820656 -0.233815 -0.521396
-17.3515 2.25 3.18182 0.820656 -0.233815 -0.521396
-17.3515 2.25 3.18182 0.820656 -0.233815 -0.521396
-17.3515 2.25 3.18182 0.820656 -0.233815 -0.521396
-17.3515 2.25 3.18182 0.820656 -0.233815 -0.521396
-17.3515 2.25 3.18182 0.820656 -0.233815 -0.521396
-17.3515 2.25 3.18182 0.820656 -0.233815 -0.521396
-17.3515 2.25 3.18182 0.820656 -0.233815 -0.521396
-17.3515 2.25 3.18182 0.820656 -0.233815 -0.521396
-17.3515 2.25 3.18182 0.820656 -0.233815 -0.521396
-17.3515 2.25 3.18182 0.820656 -0.233815 -0.521396
-17.3515 2.25 3.18182 0.820656 -0.233815 -0.521396
-17.3515 2.25 3.18182 0.820656 -0.233815 -0.521396
-17.3515 2.25 3.18182 0.820656 -0.233815 -0.521396
-17.3515 2.25 3.18182 0.820656 -0.233815 -0.521396
-17.3515 2.25 3.18182 0.820656 -0.233815 -0.521396
-17.3515 2.25 3.18182 0.820656 -0.233815 -0.521396
-17.3515 2.25 3.18182 0.820656 -0.233815 -0.521396
-17.3515 2.25 3.18182 0.820656 -0.233815 -0.521396
-17.3515 2.25 3.18182 0.820656 -0.233815 -0.521396
-17.3515 2.25 3.18182 0.820656 -0.233815 -0.521396
-17.3515 2.25 3.18182 0.820656 -0.233815 -0.521396
-17.3515 2.25 3.18182 0.820656 -0.233815 -0.521396
-17.3515 2.25 3.18182 0.820656 -0.233815 -0.521396
-17.3515 2.25 3.18182 0.820656 -0.233815 -0.521396
-17.3515 2.25 3.18182 0.820656 -0.233815 -0.521396
-17.3515 2.25 3.18182 0.820656 -0.233815 -0.521396
-17.3515 2.25 3.18182 0.820656 -0.233815 -0.521396
-17.3515 2.25 3.18182 0.820656 -0.233815 -0.521396
-17.3515 2.25 3.18182 0.820656 -0.233815 -0.521396
-17.3515 2.25 3.18182 0.820656 -0.233815 -0.521396
-17.3515 2.25 3.18182 0.820656 -0.233815 -0.521396
-17.3515 2.25 3.18182 0.820656 -0.233815 -0.521396
-17.3515 2.25 3.18182 0.820656 -0.233815 -0.521396
-17.3515 2.25 3.18182 0.820656 -0.233815 -0.521396
-17.3515 2.25 3.18182 0.820656 -0.233815 -0.521396
-17.3515 2.25 3.18182 0.820656 -0.233815 -0.521396
-17.3515 2.25 3.18182 0.820656 -0.233815 -0.521396
-17.3515 2.25 3.18182 0.820656 -0.233815 -0.521396
-17.3515 2.25 3.18182 0.820656 -0.233815 -0.521396
-17.3515 2.25 3.18182 0.820656 -0.233815 -0.521396
-17.3515 2.25 3.18182 0.820656 -0.233815 -0.521396
-17.3515 2.25 3.18182 0.820656 -0.233815 -0.521396
-17.3515 2.25 3.18182 0.820656 -0.233815 -0.521396
-17.3515 2.25 3.18182 0.820656 -0.233815 -0.521396
-17.3515 2.25 3.18182 0.820656 -0.233815 -0.521396
-17.3515 2.25 3.18182 0.820656 -0.233815 -0.521396
-17.3515 2.25 3.18182 0.820656 -0.233815 -0.521396
-17.3515 2.25 3.18182 0.820656 -0.233815 -0.521396
-17.3515 2.25 3.18182 0.820656 -0.233815 -0.521396
-17.3515 2.25 3.18182 0.820656 -0.233815 -0.521396
-17.3515 2.25 3.18182 0.820656 -0.233815 -0.521396
-17.3515 2.25 3.18182 0.820656 -0.233815 -0.521396
-17.3515 2.25 3.18182 0.820656 -0.233815 -0.521396
-17.3515 2.25 3.18182 0.820656 -0.233815 -0.521396
-17.3515 2.25 3.18182 0.820656 -0.233815 -0.521396
-17.3515 2.25 3.18182 0.820656 -0.233815 -0.521396
-17.3515 2.25 3.18182 0.820656 -0.233815 -0.521396
-17.3515 2.25 3.18182 0.820656 -0.233815 -0.521396
-17.3515 2.25 3.18182 0.820656 -0.233815 -0.521396
-17.3515 2.25 3.18182 0.820656 -0.233815 -0.521396
-17.3515 2.25 3.18182 0.820656 -0.233815 -0.521396
-17.3515 2.25 3.18182 0.820656 -0.233815 -0.521396
-17.3515 2.25 3.18182 0.820656 -0.233815 -0.521396
-17.3515 2.25 3.18182 0.820656 -0.233815 -0.521396
-17.3515 2.25 3.18182 0.820656 -0.233815 -0.521396
-17.3515 2.25 3.18182 0.820656 -0.233815 -0.521396
-17.3515 2.25 3.18182 0.820656 -0.233815 -0.521396
-17.3515 2.25 3.18182 0.820656 -0.233815 -0.521396
-17.3515 2.25 3.18182 0.820656 -0.233815 -0.521396
-17.3515 2.25 3.18182 0.820656 -0.233815 -0.521396
-17.3515 2.25 3.18182 0.820656 -0.233815 -0.521396
-17.3515 2.25 3.18182 0.820656 -0.233815 -0.521396
-17.3515 2.25 3.18182 0.820656 -0.233815 -0.521396
-17.3515 2.25 3.18182 0.820656 -0.233815 -0.521396
-17.3515 2.25 3.18182 0.820656 -0.233815 -0.521396
-17.3515 2.25 3.18182 0.820656 -0.233815 -0.521396
-17.3515 2.25 3.18182 0.820656 -0.233815 -0.521396
-17.3515 2.25 3.18182 0.820656 -0.233815 -0.521396
-17.3515 2.25 3.18182 0.820656 -0.233815 -0.521396
-17.3515 2.25 3.18182 0.820656 -0.233815 -0.521396
-17.3515 2.25 3.18182 0.820656 -0.233815 -0.521396
-17.3515 2.25 3.18182 0.820656 -0.233815 -0.521396
-17.3515 2.25 3.18182 0.820656 -0.233815 -0.521396
-17.3515 2.25 3.18182 0.820656 -0.233815 -0.521396
-17.3515 2.25 3.18182 0.820656 -0.233815 -0.521396
-17.3515 2.25 3.18182 0.820656 -0.233815 -0.521396
-17.3515 2.25 3.18182 0.820656 -0.233815 -0.521396
-17.3515 2.25 3.18182 0.820656 -0.233815 -0.521396
-17.3515 2.25 3.18182 0.820656 -0.233815 -0.521396
-17.3515 2.25 3.18182 0.820656 -0.233815 -0.521396
-17.3515 2.25 3.18182 0.820656 -0.233815 -0.521396
-17.3515 2.25 3.18182 0.820656 -0.233815 -0.521396
-17.3515 2.25 3.18182 0.820656 -0.233815 -0.521396
-17.3515 2.25 3.18182 0.820656 -0.233815 -0.521396
-17.3515 2.25 3.18182 0.820656 -0.233815 -0.521396
-17.3515 2.25 3.18182 0.820656 -0.233815 -0.521396
-17.3515 2.25 3.18182 0.820656 -0.233815 -0.521396
-17.3515 2.25 3.18182 0.820656 -0.233815 -0.521396
-17.3515 2.25 3.18182 0.820656 -0.233815 -0.521396
-17.3515 2.25 3.18182 0.820656 -0.233815 -0.521396
-17.3515 2.25 3.18182 0.820656 -0.233815 -0.521396
-17.3515 2.25 3.18182 0.820656 -0.233815 -0.521396
-17.3515 2.25 3.18182 0.820656 -0.233815 -0.521396
-17.3515 2.25 3.18182 0.820656 -0.233815 -0.521396
-17.3515 2.25 3.18182 0.820656 -0.233815 -0.521396
-17.3515 2.25 3.18182 0.820656 -0.233815 -0.521396
-17.3515 2.25 3.18182 0.820656 -0.233815 -0.521396
-17.3515 2.25 3.18182 0.820656 -0.233815 -0.521396
-17.3515 2.25 3.18182 0.820656 -0.233815 -0.521396
-17.3515 2.25 3.18182 0.820656 -0.233815 -0.521396
-17.3515 2.25 3.18182 0.820656 -0.233815 -0.521396
-17.3515 2.25 3.18182 0.820656 -0.233815 -0.521396
-17.3515 2.25 3.18182 0.820656 -0.233815 -0.521396
-17.3515 2.25 3.18182 0.820656 -0.233815 -0.521396
-17.3515 2.25 3.18182 0.820656 -0.233815 -0.521396
-17.3515 2.25 3.18182 0.820656 -0.233815 -0.521396
-17.3515 2.25 3.18182 0.820656 -0.233815 -0.521396
-17.3515 2.25 3.18182 0.820656 -0.233815 -0.521396
-17.3515 2.25 3.18182 0.820656 -0.233815 -0.521396
-17.3515 2.25 3.18182 0.820656 -0.233815 -0.521396
-17.3515 2.25 3.18182 0.820656 -0.233815 -0.521396
-17.3515 2.25 3.18182 0.820656 -0.233815 -0.521396
-17.3515 2.25 3.18182 0.820656 -0.233815 -0.521396
-17.3515 2.25 3.18182 0.820656 -0.233815 -0.521396
-17.3515 2.25 3.18182 0.820656 -0.233815 -0.521396
-17.3515 2.25 3.18182 0.820656 -0.233815 -0.521396
-17.3515 2.25 3.18182 0.820656 -0.233815 -0.521396
-17.3515 2.25 3.18182 0.820656 -0.233815 -0.521396
-17.3515 2.25 3.18182 0.820656 -0.233815 -0.521396
-17.3515 2.25 3.18182 0.820656 -0.233815 -0.521396
-17.3515 2.25 3.18182 0.820656 -0.233815 -0.521396
-17.3515 2.25 3.18182 0.820656 -0.233815 -0.521396
-17.3515 2.25 3.18182 0.820656 -0.233815 -0.521396
-17.3515 2.25 3.18182 0.820656 -0.233815 -0.521396
-17.3515 2.25 3.18182 0.820656 -0.233815 -0.521396
-17.3515 2.25 3.18182 0.820656 -0.233815 -0.521396
-17.3515 2.25 3.18182 0.820656 -0.233815 -0.521396
-17.3515 2.25 3.18182 0.820656 -0.233815 -0.521396
-17.3515 2.25 3.18182 0.820656 -0.233815 -0.521396
-17.3515 2.25 3.18182 0.820656 -0.233815 -0.521396
-17.3515 2.25 3.18182 0.820656 -0.233815 -0.521396
-17.3515 2.25 3.18182 0.820656 -0.233815 -0.521396
-17.3515 2.25 3.18182 0.820656 -0.233815 -0.521396
-17.3515 2.25 3.18182 0.820656 -0.233815 -0.521396
-17.3515 2.25 3.18182 0.820656 -0.233815 -0.521396
-17.3515 2.25 3.18182 0.820656 -0.233815 -0.521396
-17.3515 2.25 3.18182 0.820656 -0.233815 -0.521396
-17.3515 2.25 3.18182 0.820656 -0.233815 -0.521396
-17.3515 2.25 3.18182 0.820656 -0.233815 -0.521396
-17.3515 2.25 3.18182 0.820656 -0.233815 -0.521396
-17.3515 2.25 3.18182 0.820656 -0.233815 -0.521396
-17.3515 2.25 3.18182 0.820656 -0.233815 -0.521396
-17.3515 2.25 3.18182 0.820656 -0.233815 -0.521396
-17.3515 2.25 3.18182 0.820656 -0.233815 -0.521396
-17.3515 2.25 3.18182 0.820656 -0.233815 -0.521396
-17.3515 2.25 3.18182 0.820656 -0.233815 -0.521396
-17.3515 2.25 3.18182 0.820656 -0.233815 -0.521396
-17.3515 2.25 3.18182 0.820656 -0.233815 -0.521396
-17.3515 2.25 3.18182 0.820656 -0.233815 -0.521396
-17.3515 2.25 3.18182 0.820656 -0.233815 -0.521396
-17.3515 2.25 3.18182 0.820656 -0.233815 -0.521396
-17.3515 2.25 3.18182 0.820656 -0.233815 -0.521396
-17.3515 2.25 3.18182 0.820656 -0.233815 -0.521396
-17.3515 2.25 3.18182 0.820656 -0.233815 -0.521396
-17.3515 2.25 3.18182 0.820656 -0.233815 -0.521396
-17.3515 2.25 3.18182 0.820656 -0.233815 -0.521396
-17.3515 2.25 3.18182 0.820656 -0.233815 -0.521396
-17.3515 2.25 3.18182 0.820656 -0.233815 -0.521396
-17.3515 2.25 3.18182 0.820656 -0.233815 -0.521396
-17.3515 2.25 3.18182 0.820656 -0.233815 -0.521396
-17.3515 2.25 3.18182 0.820656 -0.233815 -0.521396
-17.3515 2.25 3.18182 0.820656 -0.233815 -0.521396
-17.3515 2.25 3.18182 0.820656 -0.233815 -0.521396
-17.3515 2.25 3.18182 0.820656 -0.233815 -0.521396
-17.3515 2.25 3.18182 0.820656 -0.233815 -0.521396
-17.3515 2.25 3.18182 0.820656 -0.233815 -0.521396
-17.3515 2.25 3.18182 0.820656 -0.233815 -0.521396
-17.3515 2.25 3.18182 0.820656 -0.233815 -0.521396
-17.3515 2.25 3.18182 0.820656 -0.233815 -0.521396
-17.3515 2.25 3.18182 0.820656 -0.233815 -0.521396
-17.3515 2.25 3.18182 0.820656 -0.233815 -0.521396
-17.3515 2.25 3.18182 0.820656 -0.233815 -0.521396
-17.3515 2.25 3.18182 0.820656 -0.233815 -0.521396
-17.3515 2.25 3.18182 0.820656 -0.233815 -0.521396
-17.3515 2.25 3.18182 0.820656 -0.233815 -0.521396
-17.3515 2.25 3.18182 0.820656 -0.233815 -0.521396
-17.3515 2.25 3.18182 0.820656 -0.233815 -0.521396
-17.3515 2.25 3.18182 0.820656 -0.233815 -0.521396
-17.3515 2.25 3.18182 0.820656 -0.233815 -0.521396
-17.3515 2.25 3.18182 0.820656 -0.233815 -0.521396
-17.3515 2.25 3.18182 0.820656 -0.233815 -0.521396
-17.3515 2.25 3.18182 0.820656 -0.233815 -0.521396
-17.3515 2.25 3.18182 0.820656 -0.233815 -0.521396
-17.3515 2.25 3.18182 0.820656 -0.233815 -0.521396
-17.3515 2.25 3.18182 0.820656 -0.233815 -0.521396
-17.3515 2.25 3.18182 0.820656 -0.233815 -0.521396
-17.3515 2.25 3.18182 0.820656 -0.233815 -0.521396
-17.3515 2.25 3.18182 0.820656 -0.233815 -0.521396
-17.3515 2.25 3.18182 0.820656 -0.233815 -0.521396
-17.3515 2.25 3.18182 0.820656 -0.233815 -0.521396
-17.3515 2.25 3.18182 0.820656 -0.233815 -0.521396
-17.3515 2.25 3.18182 0.820656 -0.233815 -0.521396
-17.3515 2.25 3.18182 0.820656 -0.233815 -0.521396
-17.3515 2.25 3.18182 0.820656 -0.233815 -0.521396
-17.3515 2.25 3.18182 0.820656 -0.233815 -0.521396
-17.3515 2.25 3.18182 0.820656 -0.233815 -0.521396
-17.3515 2.25 3.18182 0.820656 -0.233815 -0.521396
-17.3515 2.25 3.18182 0.820656 -0.233815 -0.521396
-17.3515 2.25 3.18182 0.820656 -0.233815 -0.521396
-17.3515 2.25 3.18182 0.820656 -0.233815 -0.521396
-17.3515 2.25 3.18182 0.820656 -0.233815 -0.521396
-17.3515 2.25 3.18182 0.820656 -0.233815 -0.521396
-17.3515 2.25 3.18182 0.820656 -0.233815 -0.521396
-17.3515 2.25 3.18182 0.820656 -0.233815 -0.521396
-17.3515 2.25 3.18182 0.820656 -0.233815 -0.521396
-17.3515 2.25 3.18182 0.820656 -0.233815 -0.521396
-17.3515 2.25 3.18182 0.820656 -0.233815 -0.521396
-17.3515 2.25 3.18182 0.820656 -0.233815 -0.521396
-17.3515 2.25 3.18182 0.820656 -0.233815 -0.521396
-17.3515 2.25 3.18182 0.820656 -0.233815 -0.521396
-17.3515 2.25 3.18182 0.820656 -0.233815 -0.521396
-17.3515 2.25 3.18182 0.820656 -0.233815 -0.521396
-17.3515 2.25 3.18182 0.820656 -0.233815 -0.521396
-17.3515 2.25 3.18182 0.820656 -0.233815 -0.521396
-17.3515 2.25 3.18182 0.820656 -0.233815 -0.521396
-17.3515 2.25 3.18182 0.820656 -0.233815 -0.521396
-17.3515 2.25 3.18182 0.820656 -0.233815 -0.521396
-17.3515 2.25 3.18182 0.820656 -0.233815 -0.521396
-17.3515 2.25 3.18182 0.820656 -0.233815 -0.521396
-17.3515 2.25 3.18182 0.820656 -0.233815 -0.521396
-17.3515 2.25 3.18182 0.820656 -0.233815 -0.521396
-17.3515 2.25 3.18182 0.820656 -0.233815 -0.521396
-17.3515 2.25 3.18182 0.820656 -0.233815 -0.521396
-17.3515 2.25 3.18182 0.820656 -0.233815 -0.521396
-17.3515 2.25 3.18182 0.820656 -0.233815 -0.521396
-17.3515 2.25 3.18182 0.820656 -0.233815 -0.521396
-17.3515 2.25 3.18182 0.820656 -0.233815 -0.521396
-17.3515 2.25 3.18182 0.820656 -0.233815 -0.521396
-17.3515 2.25 3.18182 0.820656 -0.233815 -0.521396
-17.3515 2.25 3.18182 0.820656 -0.233815 -0.521396
-17.3515 2.25 3.18182 0.820656 -0.233815 -0.521396
-17.3515 2.25 3.18182 0.820656 -0.233815 -0.521396
-17.3515 2.25 3.18182 0.820656 -0.233815 -0.521396
-17.3515 2.25 3.18182 0.820656 -0.233815 -0.521396
-17.3515 2.25 3.18182 0.820656 -0.233815 -0.521396
-17.3515 2.25 3.18182 0.820656 -0.233815 -0.521396
-17.3515 2.25 3.18182 0.820656 -0.233815 -0.521396
-17.3515 2.25 3.18182 0.820656 -0.233815 -0.521396
-17.3515 2.25 3.18182 0.820656 -0.233815 -0.521396
-17.3515 2.25 3.18182 0.820656 -0.233815 -0.521396
-17.3515 2.25 3.18182 0.820656 -0.233815 -0.521396
-17.3515 2.25 3.18182 0.820656 -0.233815 -0.521396
-17.3515 2.25 3.18182 0.820656 -0.233815 -0.521396
-17.3515 2.25 3.18182 0.820656 -0.233815 -0.521396
-17.3515 2.25 3.18182 0.820656 -0.233815 -0.521396
-17.3515 2.25 3.18182 0.820656 -0.233815 -0.521396
-17.3515 2.25 3.18182 0.820656 -0.233815 -0.521396
-17.3515 2.25 3.18182 0.820656 -0.233815 -0.521396
-17.3515 2.25 3.18182 0.820656 -0.233815 -0.521396
-17.3515 2.25 3.18182 0.820656 -0.233815 -0.521396
-17.3515 2.25 3.18182 0.820656 -0.233815 -0.521396
-17.3515 2.25 3.18182 0.820656 -0.233815 -0.521396
-17.3515 2.25 3.18182 0.820656 -0.233815 -0.521396
-17.3515 2.25 3.18182 0.820656 -0.233815 -0.521396
-17.3515 2.25 3.18182 0.820656 -0.233815 -0.521396
-17.3515 2.25 3.18182 0.820656 -0.233815 -0.521396
-17.3515 2.25 3.18182 0.820656 -0.233815 -0.521396
-17.3515 2.25 3.18182 0.820656 -0.233815 -0.521396
-17.3515 2.25 3.18182 0.820656 -0.233815 -0.521396
-17.3515 2.25 3.18182 0.820656 -0.233815 -0.521396
-17.3515 2.25 3.18182 0.820656 -0.233815 -0.521396
-17.3515 2.25 3.18182 0.820656 -0.233815 -0.521396
-17.3515 2.25 3.18182 0.820656 -0.233815 -0.521396
-17.3515 2.25 3.18182 0.820656 -0.233815 -0.521396
-17.3515 2.25 3.18182 0.820656 -0.233815 -0.521396
-17.3515 2.25 3.18182 0.820656 -0.233815 -0.521396
-17.3515 2.25 3.18182 0.820656 -0.233815 -0.521396
-17.3515 2.25 3.18182 0.820656 -0.233815 -0.521396
-17.3515 2.25 3.18182 0.820656 -0.233815 -0.521396
-17.3515 2.25 3.18182 0.820656 -0.233815 -0.521396
-17.3515 2.25 3.18182 0.820656 -0.233815 -0.521396
-17.3515 2.25 3.18182 0.820656 -0.233815 -0.521396
-17.3515 2.25 3.18182 0.820656 -0.233815 -0.521396
-17.3515 2.25 3.18182 0.820656 -0.233815 -0.521396
-17.3515 2.25 3.18182 0.820656 -0.233815 -0.521396
-17.3515 2.25 3.18182 0.820656 -0.233815 -0.521396
-17.3515 2.25 3.18182 0.820656 -0.233815 -0.521396
-17.3515 2.25 3.18182 0.820656 -0.233815 -0.521396
-17.3515 2.25 3.18182 0.820656 -0.233815 -0.521396
-17.3515 2.25 3.18182 0.820656 -0.233815 -0.521396
-17.3515 2.25 3.18182 0.820656 -0.233815 -0.521396
-17.3515 2.25 3.18182 0.820656 -0.233815 -0.521396
-17.3515 2.25 3.18182 0.820656 -0.233815 -0.521396
-17.3515 2.25 3.18182 0.820656 -0.233815 -0.521396
-17.3515 2.25 3.18182 0.820656 -0.233815 -0.521396
-17.3515 2.25 3.18182 0.820656 -0.233815 -0.521396
-17.3515 2.25 3.18182 0.820656 -0.233815 -0.521396
-17.3515 2.25 3.18182 0.820656 -0.233815 -0.521396
-17.3515 2.25 3.18182 0.820656 -0.233815 -0.521396
-17.3515 2.25 3.18182 0.820656 -0.233815 -0.521396
-17.3515 2.25 3.18182 0.820656 -0.233815 -0.521396
-17.3515 2.25 3.18182 0.820656 -0.233815 -0.521396
-17.3515 2.25 3.18182 0.820656 -0.233815 -0.521396
-17.3515 2.25 3.18182 0.820656 -0.233815 -0.521396
-17.3515 2.25 3.18182 0.820656 -0.233815 -0.521396
-17.3515 2.25 3.18182 0.820656 -0.233815 -0.521396
-17.3515 2.25 3.18182 0.820656 -0.233815 -0.521396
-17.3515 2.25 3.18182 0.820656 -0.233815 -0.521396
-17.3515 2.25 3.18182 0.820656 -0.233815 -0.521396
-17.3515 2.25 3.18182 0.820656 -0.233815 -0.521396
-17.3515 2.25 3.18182 0.820656 -0.233815 -0.521396
-17.3515 2.25 3.18182 0.820656 -0.233815 -0.521396
-17.3515 2.25 3.18182 0.820656 -0.233815 -0.521396
-17.3515 2.25 3.18182 0.820656 -0.233815 -0.521396
-17.3515 2.25 3.18182 0.820656 -0.233815 -0.521396
-17.3515 2.25 3.18182 0.820656 -0.233815 -0.521396
-17.3515 2.25 3.18182 0.820656 -0.233815 -0.521396
-17.3515 2.25 3.18182 0.820656 -0.233815 -0.521396
-17.3515 2.25 3.18182 0.820656 -0.233815 -0.521396
-17.3515 2.25 3.18182 0.820656 -0.233815 -0.521396
-17.3515 2.25 3.18182 0.820656 -0.233815 -0.521396
-17.3515 2.25 3.18182 0.820656 -0.233815 -0.521396
-17.3515 2.25 3.18182 0.820656 -0.233815 -0.521396
-17.3515 2.25 3.18182 0.820656 -0.233815 -0.521396
-17.3515 2.25 3.18182 0.820656 -0.233815 -0.521396
-17.3515 2.25 3.18182 0.820656 -0.233815 -0.521396
-17.3515 2.25 3.18182 0.820656 -0.233815 -0.521396
-17.3515 2.25 3.18182 0.820656 -0.233815 -0.521396
-17.3515 2.25 3.18182 0.820656 -0.233815 -0.521396
-17.3515 2.25 3.18182 0.820656 -0.233815 -0.521396
-17.3515 2.25 3.18182 0.820656 -0.233815 -0.521396
-17.3515 2.25 3.18182 0.820656 -0.233815 -0.521396
-17.3515 2.25 3.18182 0.820656 -0.233815 -0.521396
-17.3515 2.25 3.18182 0.820656 -0.233815 -0.521396
-17.3515 2.25 3.18182 0.820656 -0.233815 -0.521396
-17.3515 2.25 3.18182 0.820656 -0.233815 -0.521396
-17.3515 2.25 3.18182 0.820656 -0.233815 -0.521396
-17.3515 2.25 3.18182 0.820656 -0.233815 -0.521396
-17.3515 2.25 3.18182 0.820656 -0.233815 -0.521396
-17.3515 2.25 3.18182 0.820656 -0.233815 -0.521396
-17.3515 2.25 3.18182 0.820656 -0.233815 -0.521396
-17.3515 2.25 3.18182 0.820656 -0.233815 -0.521396
-17.3515 2.25 3.18182 0.820656 -0.233815 -0.521396
-17.3515 2.25 3.18182 0.820656 -0.233815 -0.521396
-17.3515 2.25 3.18182 0.820656 -0.233815 -0.521396
-17.3515 2.25 3.18182 0.820656 -0.233815 -0.521396
-17.3515 2.25 3.18182 0.820656 -0.233815 -0.521396
-17.3515 2.25 3.18182 0.820656 -0.233815 -0.521396
-17.3515 2.25 3.18182 0.820656 -0.233815 -0.521396
-17.3515 2.25 3.18182 0.820656 -0.233815 -0.521396
-17.3515 2.25 3.18182 0.820656 -0.233815 -0.521396
-17.3515 2.25 3.18182 0.820656 -0.233815 -0.521396
-17.3515 2.25 3.18182 0.820656 -0.233815 -0.521396
-17.3515 2.25 3.18182 0.820656 -0.233815 -0.521396
-17.3515 2.25 3.18182 0.820656 -0.233815 -0.521396
-17.3515 2.25 3.18182 0.820656 -0.233815 -0.521396
-17.3515 2.25 3.18182 0.820656 -0.233815 -0.521396
-17.3515 2.25 3.18182 0.820656 -0.233815 -0.521396
-17.3515 2.25 3.18182 0.820656 -0.233815 -0.521396
-17.3515 2.25 3.18182 0.820656 -0.233815 -0.521396
-17.3515 2.25 3.18182 0.820656 -0.233815 -0.521396
-17.3515 2.25 3.18182 0.820656 -0.233815 -0.521396
-17.3515 2.25 3.18182 0.820656 -0.233815 -0.521396
-17.3515 2.25 3.18182 0.820656 -0.233815 -0.521396
-17.3515 2.25 3.18182 0.820656 -0.233815 -0.521396
-17.3515 2.25 3.18182 0.820656 -0.233815 -0.521396
-17.3515 2.25 3.18182 0.820656 -0.233815 -0.521396
-17.3515 2.25 3.18182 0.820656 -0.233815 -0.521396
-17.3515 2.25 3.18182 0.820656 -0.233815 -0.521396
-17.3515 2.25 3.18182 0.820656 -0.233815 -0.521396
-17.3515 2.25 3.18182 0.820656 -0.233815 -0.521396
-17.3515 2.25 3.18182 0.820656 -0.233815 -0.521396
-17.3515 2.25 3.18182 0.820656 -0.233815 -0.521396
-17.3515 2.25 3.18182 0.820656 -0.233815 -0.521396
-17.3515 2.25 3.18182 0.820656 -0.233815 -0.521396
-17.3515 2.25 3.18182 0.820656 -0.233815 -0.521396
-17.3515 2.25 3.18182 0.820656 -0.233815 -0.521396
-17.3515 2.25 3.18182 0.820656 -0.233815 -0.521396
-17.3515 2.25 3.18182 0.820656 -0.233815 -0.521396
-17.3515 2.25 3.18182 0.820656 -0.233815 -0.521396
-17.3515 2.25 3.18182 0.820656 -0.233815 -0.521396
-17.3515 2.25 3.18182 0.820656 -0.233815 -0.521396
-17.3515 2.25 3.18182 0.820656 -0.233815 -0.521396
-17.3515 2.25 3.18182 0.820656 -0.233815 -0.521396
-17.3515 2.25 3.18182 0.820656 -0.233815 -0.521396
-17.3515 2.25 3.18182 0.820656 -0.233815 -0.521396
-17.3515 2.25 3.18182 0.820656 -0.233815 -0.521396
-17.3515 2.25 3.18182 0.820656 -0.233815 -0.521396
-17.3515 2.25 3.18182 0.820656 -0.233815 -0.521396
-17.3515 2.25 3.18182 0.820656 -0.233815 -0.521396
-17.3515 2.25 3.18182 0.820656 -0.233815 -0.521396
-17.3515 2.25 3.18182 0.820656 -0.233815 -0.521396
-17.3515 2.25 3.18182 0.820656 -0.233815 -0.521396
-17.3515 2.25 3.18182 0.820656 -0.233815 -0.521396
-17.3515 2.25 3.18182 0.820656 -0.233815 -0.521396
-17.3515 2.25 3.18182 0.820656 -0.233815 -0.521396
-17.3515 2.25 3.18182 0.820656 -0.233815 -0.521396
-17.3515 2.25 3.18182 0.820656 -0.233815 -0.521396
-17.3515 2.25 3.18182 0.820656 -0.233815 -0.521396
-17.3515 2.25 3.18182 0.820656 -0.233815 -0.521396
-17.3515 2.25 3.18182 0.820656 -0.233815 -0.521396
-17.3515 2.25 3.18182 0.820656 -0.233815 -0.521396
-17.3515 2.25 3.18182 0.820656 -0.233815 -0.521396
-17.3515 2.25 3.18182 0.820656 -0.233815 -0.521396
-17.3515 2.25 3.18182 0.820656 -0.233815 -0.521396
-17.3515 2.25 3.18182 0.820656 -0.233815 -0.521396
-17.3515 2.25 3.18182 0.820656 -0.233815 -0.521396
-17.3515 2.25 3.18182 0.820656 -0.233815 -0.521396
-17.3515 2.25 3.18182 0.820656 -0.233815 -0.521396
-17.3515 2.25 3.18182 0.820656 -0.233815 -0.521396
-17.3515 2.25 3.18182 0.820656 -0.233815 -0.521396
-17.3515 2.25 3.18182 0.820656 -0.233815 -0.521396
-17.3515 2.25 3.18182 0.820656 -0.233815 -0.521396
-17.3515 2.25 3.18182 0.820656 -0.233815 -0.521396
-17.3515 2.25 3.18182 0.820656 -0.233815 -0.521396
-17.3515 2.25 3.18182 0.820656 -0.233815 -0.521396
-17.3515 2.25 3.18182 0.820656 -0.233815 -0.521396
-17.3515 2.25 3.18182 0.820656 -0.233815 -0.521396
-17.3515 2.25 3.18182 0.820656 -0.233815 -0.521396
-17.3515 2.25 3.18182 0.820656 -0.233815 -0.521396
-17.3515 2.25 3.18182 0.820656 -0.233815 -0.521396
-17.3515 2.25 3.18182 0.820656 -0.233815 -0.521396
-17.3515 2.25 3.18182 0.820656 -0.233815 -0.521396
-17.3515 2.25 3.18182 0.820656 -0.233815 -0.521396
-17.3515 2.25 3.18182 0.820656 -0.233815 -0.521396
-17.3515 2.25 3.18182 0.820656 -0.233815 -0.521396
-17.3515 2.25 3.18182 0.820656 -0.233815 -0.521396
-17.3515 2.25 3.18182 0.820656 -0.233815 -0.521396
-17.3515 2.25 3.18182 0.820656 -0.233815 -0.521396
-17.3515 2.25 3.18182 0.820656 -0.233815 -0.521396
-17.3515 2.25 3.18182 0.820656 -0.233815 -0.521396
-17.3515 2.25 3.18182 0.820656 -0.233815 -0.521396
-17.3515 2.25 3.18182 0.820656 -0.233815 -0.521396
-17.3515 2.25 3.18182 0.820656 -0.233815 -0.521396
-17.3515 2.25 3.18182 0.820656 -0.233815 -0.521396
-17.3515 2.25 3.18182 0.820656 -0.233815 -0.521396
-17.3515 2.25 3.18182 0.820656 -0.233815 -0.521396
-17.3515 2.25 3.18182 0.820656 -0.233815 -0.521396
-17.3515 2.25 3.18182 0.820656 -0.233815 -0.521396
-17.3515 2.25 3.18182 0.820656 -0.233815 -0.521396
-17.3515 2.25 3.18182 0.820656 -0.233815 -0.521396
-17.3515 2.25 3.18182 0.820656 -0.233815 -0.521396
-17.3515 2.25 3.18182 0.820656 -0.233815 -0.521396
-17.3515 2.25 3.18182 0.820656 -0.233815 -0.521396
-17.3515 2.25 3.18182 0.820656 -0.233815 -0.521396
-17.3515 2.25 3.18182 0.820656 -0.233815 -0.521396
-17.3515 2.25 3.18182 0.820656 -0.233815 -0.521396
-17.3515 2.25 3.18182 0.820656 -0.233815 -0.521396
-17.3515 2.25 3.18182 0.820656 -0.233815 -0.521396
-17.3515 2.25 3.18182 0.820656 -0.233815 -0.521396
-17.3515 2.25 3.18182 0.820656 -0.233815 -0.521396
-17.3515 2.25 3.18182 0.820656 -0.233815 -0.521396
-17.3515 2.25 3.18182 0.820656 -0.233815 -0.521396
-17.3515 2.25 3.18182 0.820656 -0.233815 -0.521396
-17.3515 2.25 3.18182 0.820656 -0.233815 -0.521396
-17.3515 2.25 3.18182 0.820656 -0.233815 -0.521396
-17.3515 2.25 3.18182 0.820656 -0.233815 -0.521396
-17.3515 2.25 3.18182 0.820656 -0.233815 -0.521396
-17.3515 2.25 3.18182 0.820656 -0.233815 -0.521396
-17.3515 2.25 3.18182 0.820656 -0.233815 -0.521396
-17.3515 2.25 3.18182 0.820656 -0.233815 -0.521396
-17.3515 2.25 3.18182 0.820656 -0.233815 -0.521396
-17.3515 2.25 3.18182 0.820656 -0.233815 -0.521396
-17.3515 2.25 3.18182 0.820656 -0.233815 -0.521396
-17.3515 2.25 3.18182 0.820656 -0.233815 -0.521396
-17.3515 2.25 3.18182 0.820656 -0.233815 -0.521396
-17.3515 2.25 3.18182 0.820656 -0.233815 -0.521396
-17.3515 2.25 3.18182 0.820656 -0.233815 -0.521396
-17.3515 2.25 3.18182 0.820656 -0.233815 -0.521396
-17.3515 2.25 3.18182 0.820656 -0.233815 -0.521396
-17.3515 2.25 3.18182 0.820656 -0.233815 -0.521396
-17.3515 2.25 3.18182 0.820656 -0.233815 -0.521396
-17.3515 2.25 3.18182 0.820656 -0.233815 -0.521396
-17.3515 2.25 3.18182 0.820656 -0.233815 -0.521396
-17.3515 2.25 3.18182 0.820656 -0.233815 -0.521396
-17.3515 2.25 3.18182 0.820656 -0.233815 -0.521396
-17.3515 2.25 3.18182 0.820656 -0.233815 -0.521396
-17.3515 2.25 3.18182 0.820656 -0.233815 -0.521396
-17.3515 2.25 3.18182 0.820656 -0.233815 -0.521396
-17.3515 2.25 3.18182 0.820656 -0.233815 -0.521396
-17.3515 2.25 3.18182 0.820656 -0.233815 -0.521396
-17.3515 2.25 3.18182 0.820656 -0.233815 -0.521396
-17.3515 2.25 3.18182 0.820656 -0.233815 -0.521396
-17.3515 2.25 3.18182 0.820656 -0.233815 -0.521396
-17.3515 2.25 3.18182 0.820656 -0.233815 -0.521396
-17.3515 2.25 3.18182 0.820656 -0.233815 -0.521396
-17.3515 2.25 3.18182 0.820656 -0.233815 -0.521396
-17.3515 2.25 3.18182 0.820656 -0.233815 -0.521396
-17.3515 2.25 3.18182 0.820656 -0.233815 -0.521396
-17.3515 2.25 3.18182 0.820656 -0.233815 -0.521396
-17.3515 2.25 3.18182 0.820656 -0.233815 -0.521396
-17.3515 2.25 3.18182 0.820656 -0.233815 -0.521396
-17.3515 2.25 3.18182 0.820656 -0.233815 -0.521396
-17.3515 2.25 3.18182 0.820656 -0.233815 -0.521396
-17.3515 2.25 3.18182 0.820656 -0.233815 -0.521396
-17.3515 2.25 3.18182 0.820656 -0.233815 -0.521396
-17.3515 2.25 3.18182 0.820656 -0.233815 -0.521396
-17.3515 2.25 3.18182 0.820656 -0.233815 -0.521396
-17.3515 2.25 3.18182 0.820656 -0.233815 -0.521396
-17.3515 2.25 3.18182 0.820656 -0.233815 -0.521396
-17.3515 2.25 3.18182 0.820656 -0.233815 -0.521396
-17.3515 2.25 3.18182 0.820656 -0.233815 -0.521396
-17.3515 2.25 3.18182 0.820656 -0.233815 -0.521396
-17.3515 2.25 3.18182 0.820656 -0.233815 -0.521396
-17.3515 2.25 3.18182 0.820656 -0.233815 -0.521396
-17.3515 2.25 3.18182 0.820656 -0.233815 -0.521396
-17.3515 2.25 3.18182 0.820656 -0.233815 -0.521396
-17.3515 2.25 3.18182 0.820656 -0.233815 -0.521396
-17.3515 2.25 3.18182 0.820656 -0.233815 -0.521396
-17.3515 2.25 3.18182 0.820656 -0.233815 -0.521396
-17.3515 2.25 3.18182 0.820656 -0.233815 -0.521396
-17.3515 2.25 3.18182 0.820656 -0.233815 -0.521396
-17.3515 2.25 3.18182 0.820656 -0.233815 -0.521396
-17.3515 2.25 3.18182 0.820656 -0.233815 -0.521396
-17.3515 2.25 3.18182 0.820656 -0.233815 -0.521396
-17.3515 2.25 3.18182 0.820656 -0.233815 -0.521396
-17.3515 2.25 3.18182 0.820656 -0.233815 -0.521396
-17.3515 2.25 3.18182 0.820656 -0.233815 -0.521396
-17.3515 2.25 3.18182 0.820656 -0.233815 -0.521396
-17.3515 2.25 3.18182 0.820656 -0.233815 -0.521396
-17.3515 2.25 3.18182 0.820656 -0.233815 -0.521396
-17.3515 2.25 3.18182 0.820656 -0.233815 -0.521396
-17.3515 2.25 3.18182 0.820656 -0.233815 -0.521396
-17.3515 2.25 3.18182 0.820656 -0.233815 -0.521396
-17.3515 2.25 3.18182 0.820656 -0.233815 -0.521396
-17.3515 2.25 3.18182 0.820656 -0.233815 -0.521396
-17.3515 2.25 3.18182 0.820656 -0.233815 -0.521396
-17.3515 2.25 3.18182 0.820656 -0.233815 -0.521396
-17.3515 2.25 3.18182 0.820656 -0.233815 -0.521396
-17.3515 2.25 3.18182 0.820656 -0.233815 -0.521396
-17.3515 2.25 3.18182 0.820656 -0.233815 -0.521396
-17.3515 2.25 3.18182 0.820656 -0.233815 -0.521396
-17.3515 2.25 3.18182 0.820656 -0.233815 -0.521396
-17.3515 2.25 3.18182 0.820656 -0.233815 -0.521396
-17.3515 2.25 3.18182 0.820656 -0.233815 -0.521396
-17.3515 2.25 3.18182 0.820656 -0.233815 -0.521396
-17.3515 2.25 3.18182 0.820656 -0.233815 -0.521396
-17.3515 2.25 3.18182 0.820656 -0.233815 -0.521396
-17.3515 2.25 3.18182 0.820656 -0.233815 -0.521396
-17.3515 2.25 3.18182 0.820656 -0.233815 -0.521396
-17.3515 2.25 3.18182 0.820656 -0.233815 -0.521396
-17.3515 2.25 3.18182 0.820656 -0.233815 -0.521396
-17.3515 2.25 3.18182 0.820656 -0.233815 -0.521396
-17.3515 2.25 3.18182 0.820656 -0.233815 -0.521396
-17.3515 2.25 3.18182 0.820656 -0.233815 -0.521396
-17.3515 2.25 3.18182 0.820656 -0.233815 -0.521396
-17.3515 2.25 3.18182 0.820656 -0.233815 -0.521396
-17.3515 2.25 3.18182 0.820656 -0.233815 -0.521396
-17.3515 2.25 3.18182 0.820656 -0.233815 -0.521396
-17.3515 2.25 3.18182 0.820656 -0.233815 -0.521396
-17.3515 2.25 3.18182 0.820656 -0.233815 -0.521396
-17.3515 2.25 3.18182 0.820656 -0.233815 -0.521396
-17.3515 2.25 3.18182 0.820656 -0.233815 -0.521396
-17.3515 2.25 3.18182 0.820656 -0.233815 -0.521396
-17.3515 2.25 3.18182 0.820656 -0.233815 -0.521396
-17.3515 2.25 3.18182 0.820656 -0.233815 -0.521396
-17.3515 2.25 3.18182 0.820656 -0.233815 -0.521396
-17.3515 2.25 3.18182 0.820656 -0.233815 -0.521396
-17.3515 2.25 3.18182 0.820656 -0.233815 -0.521396
-17.3515 2.25 3.18182 0.820656 -0.233815 -0.521396
-17.3515 2.25 3.18182 0.820656 -0.233815 -0.521396
-17.3515 2.25 3.18182 0.820656 -0.233815 -0.521396
-17.3515 2.25 3.18182 0.820656 -0.233815 -0.521396
-17.3515 2.25 3.18182 0.820656 -0.233815 -0.521396
-17.3515 2.25 3.18182 0.820656 -0.233815 -0.521396
-17.3515 2.25 3.18182 0.820656 -0.233815 -0.521396
-17.3515 2.25 3.18182 0.820656 -0.233815 -0.521396
-17.3515 2.25 3.18182 0.820656 -0.233815 -0.521396
-17.3515 2.25 3.18182 0.820656 -0.233815 -0.521396
-17.3515 2.25 3.18182 0.820656 -0.233815 -0.521396
-17.3515 2.25 3.18182 0.820656 -0.233815 -0.521396
-17.3515 2.25 3.18182 0.820656 -0.233815 -0.521396
